@nodes
label table_size
53 623
52 623
51 623
50 623
49 623
48 623
47 623
46 623
45 623
44 623
43 623
42 623
41 623
40 623
39 623
38 623
37 623
36 623
35 623
34 623
33 623
32 623
31 623
30 623
29 623
28 623
27 623
26 623
25 623
24 623
23 623
22 623
21 623
20 623
19 623
18 623
17 623
16 623
15 623
14 623
13 623
12 623
11 623
10 623
9 623
8 623
7 623
6 623
5 623
4 623
3 623
2 623
1 623
0 623
@arcs
       bandwidth
53 26 2016
53 40 2016
53 9 2016
52 30 2016
52 14 2016
51 49 1481.24
51 29 1481.24
51 25 1611.25
51 21 1481.24
51 20 1481.24
51 20 1481.24
51 3 1481.24
50 42 2016
50 20 2016
49 51 1481.24
49 31 2016
49 1 2016
49 11 2016
48 25 1611.25
48 16 2016
48 17 2016
47 46 2016
47 38 2016
46 47 2016
46 44 2016
46 22 1727.34
46 19 2016
46 30 2016
45 25 1611.25
45 0 2016
44 46 2016
44 2 2016
43 1 2016
43 21 2016
42 50 2016
42 19 2016
41 39 1935.6
41 37 2016
41 7 2016
40 53 2016
40 22 1727.34
40 34 2016
40 32 2016
39 31 1935.6
39 37 1935.6
39 41 1935.6
39 15 1935.6
39 5 1935.6
38 47 2016
38 14 2016
37 39 1935.6
37 41 2016
37 7 2016
36 18 2016
36 10 2016
35 25 1611.25
35 12 2016
35 9 2016
35 4 2016
34 40 2016
34 22 1727.34
33 20 2016
33 16 2016
32 7 2016
32 40 2016
31 39 1935.6
31 49 2016
31 8 2016
31 5 2016
30 52 2016
30 46 2016
29 51 1481.24
29 25 1611.25
28 25 1611.25
28 24 2016
27 26 2016
27 22 1727.34
26 53 2016
26 27 2016
26 25 1611.25
26 22 1727.34
26 10 2016
25 51 1611.25
25 48 1611.25
25 45 1611.25
25 35 1611.25
25 29 1611.25
25 28 1611.25
25 26 1611.25
25 24 1611.25
25 22 1727.34
25 6 1611.25
24 28 2016
24 25 1611.25
24 23 2016
24 22 1727.34
23 24 2016
23 22 1727.34
22 46 1727.34
22 40 1727.34
22 34 1727.34
22 23 1727.34
22 27 1727.34
22 26 1727.34
22 25 1727.34
22 24 1727.34
22 7 1727.34
22 0 1727.34
21 13 2016
21 51 1481.24
21 43 2016
20 33 2016
20 51 1481.24
20 51 1481.24
20 50 2016
20 2 2016
19 46 2016
19 42 2016
19 11 2016
18 36 2016
18 9 2016
17 48 2016
17 6 2016
16 48 2016
16 33 2016
15 39 1935.6
15 13 2016
14 52 2016
14 38 2016
13 21 2016
13 15 2016
13 3 2016
12 35 2016
12 9 2016
12 4 2016
11 19 2016
11 49 2016
10 36 2016
10 26 2016
9 53 2016
9 35 2016
9 12 2016
9 18 2016
8 31 2016
7 32 2016
7 41 2016
7 37 2016
7 22 1727.34
6 17 2016
6 25 1611.25
5 39 1935.6
5 31 2016
4 35 2016
4 12 2016
3 51 1481.24
3 13 2016
2 44 2016
2 20 2016
1 49 2016
1 43 2016
0 45 2016
0 22 1727.34
