@nodes
label table_size
0 807
1 807
2 807
3 807
4 807
5 807
6 807
7 807
8 807
9 807
10 807
11 807
12 807
13 807
14 807
15 807
16 807
17 807
18 807
19 807
20 807
21 807
22 807
23 807
24 807
25 807
26 807
27 807
28 807
29 807
30 807
31 807
32 807
33 807
34 807
35 807
36 807
37 807
38 807
39 807
40 807
41 807
42 807
43 807
44 807
45 807
46 807
47 807
48 807
49 807
50 807
51 807
52 807
53 807
54 807
55 807
56 807
57 807
58 807
59 807
60 807
61 807
62 807
63 807
64 807
@arcs
    bandwidth
0 30 504000.0
30 0 504000.0
2 29 504000.0
29 2 504000.0
4 50 504000.0
50 4 504000.0
4 24 504000.0
24 4 504000.0
7 34 504000.0
34 7 504000.0
7 44 504000.0
44 7 504000.0
8 29 504000.0
29 8 504000.0
9 29 504000.0
29 9 504000.0
9 41 504000.0
41 9 504000.0
9 1 504000.0
1 9 504000.0
12 22 504000.0
22 12 504000.0
12 61 504000.0
61 12 504000.0
13 21 504000.0
21 13 504000.0
13 0 504000.0
0 13 504000.0
14 58 504000.0
58 14 504000.0
15 6 504000.0
6 15 504000.0
16 18 504000.0
18 16 504000.0
16 5 504000.0
5 16 504000.0
17 63 504000.0
63 17 504000.0
17 43 504000.0
43 17 504000.0
18 44 504000.0
44 18 504000.0
20 57 504000.0
57 20 504000.0
20 8 504000.0
8 20 504000.0
21 40 504000.0
40 21 504000.0
23 50 504000.0
50 23 504000.0
23 47 504000.0
47 23 504000.0
23 25 504000.0
25 23 504000.0
24 60 504000.0
60 24 504000.0
25 14 504000.0
14 25 504000.0
26 48 504000.0
48 26 504000.0
26 16 504000.0
16 26 504000.0
27 31 504000.0
31 27 504000.0
27 29 504000.0
29 27 504000.0
27 28 504000.0
28 27 504000.0
27 30 504000.0
30 27 504000.0
28 29 504000.0
29 28 504000.0
30 31 504000.0
31 30 504000.0
32 8 504000.0
8 32 504000.0
32 9 504000.0
9 32 504000.0
32 37 504000.0
37 32 504000.0
32 29 504000.0
29 32 504000.0
33 54 504000.0
54 33 504000.0
33 63 504000.0
63 33 504000.0
34 11 504000.0
11 34 504000.0
34 10 504000.0
10 34 504000.0
35 49 504000.0
49 35 504000.0
36 53 504000.0
53 36 504000.0
36 45 504000.0
45 36 504000.0
37 24 504000.0
24 37 504000.0
37 19 504000.0
19 37 504000.0
38 30 504000.0
30 38 504000.0
38 1 504000.0
1 38 504000.0
39 6 504000.0
6 39 504000.0
39 49 504000.0
49 39 504000.0
40 22 504000.0
22 40 504000.0
41 44 504000.0
44 41 504000.0
42 0 504000.0
0 42 504000.0
42 12 504000.0
12 42 504000.0
43 55 504000.0
55 43 504000.0
44 34 504000.0
34 44 504000.0
46 41 504000.0
41 46 504000.0
46 44 504000.0
44 46 504000.0
47 60 504000.0
60 47 504000.0
48 3 504000.0
3 48 504000.0
48 25 504000.0
25 48 504000.0
51 2 504000.0
2 51 504000.0
51 29 504000.0
29 51 504000.0
52 27 504000.0
27 52 504000.0
52 21 504000.0
21 52 504000.0
52 35 504000.0
35 52 504000.0
53 1 504000.0
1 53 504000.0
54 51 504000.0
51 54 504000.0
54 55 504000.0
55 54 504000.0
54 50 504000.0
50 54 504000.0
57 29 504000.0
29 57 504000.0
57 19 504000.0
19 57 504000.0
58 44 504000.0
44 58 504000.0
58 3 504000.0
3 58 504000.0
58 56 504000.0
56 58 504000.0
59 56 504000.0
56 59 504000.0
59 11 504000.0
11 59 504000.0
61 15 504000.0
15 61 504000.0
62 24 504000.0
24 62 504000.0
62 26 504000.0
26 62 504000.0
62 32 504000.0
32 62 504000.0
62 5 504000.0
5 62 504000.0
64 45 504000.0
45 64 504000.0
64 42 504000.0
42 64 504000.0
2 27 504000.0
27 2 504000.0
9 27 504000.0
27 9 504000.0
9 46 504000.0
46 9 504000.0
30 13 504000.0
13 30 504000.0
13 40 504000.0
40 13 504000.0
15 12 504000.0
12 15 504000.0
23 14 504000.0
14 23 504000.0
38 27 504000.0
27 38 504000.0
38 45 504000.0
45 38 504000.0
39 12 504000.0
12 39 504000.0
39 15 504000.0
15 39 504000.0
39 29 504000.0
29 39 504000.0
45 27 504000.0
27 45 504000.0
54 23 504000.0
23 54 504000.0
54 27 504000.0
27 54 504000.0
58 34 504000.0
34 58 504000.0
58 59 504000.0
59 58 504000.0
62 29 504000.0
29 62 504000.0
62 58 504000.0
58 62 504000.0
64 12 504000.0
12 64 504000.0
