@nodes
label table_size
64 807
63 807
62 807
61 807
60 807
59 807
58 807
57 807
56 807
55 807
54 807
53 807
52 807
51 807
50 807
49 807
48 807
47 807
46 807
45 807
44 807
43 807
42 807
41 807
40 807
39 807
38 807
37 807
36 807
35 807
34 807
33 807
32 807
31 807
30 807
29 807
28 807
27 807
26 807
25 807
24 807
23 807
22 807
21 807
20 807
19 807
18 807
17 807
16 807
15 807
14 807
13 807
12 807
11 807
10 807
9 807
8 807
7 807
6 807
5 807
4 807
3 807
2 807
1 807
0 807
@arcs
       bandwidth
64 12 425964
64 42 504000
64 45 504000
63 33 504000
63 17 504000
62 58 407121
62 29 331845
62 5 351154
62 32 373702
62 26 351154
62 24 391961
61 15 504000
61 12 425964
60 47 504000
60 24 391961
59 58 407121
59 11 504000
59 56 504000
58 62 407121
58 59 407121
58 34 407121
58 56 407121
58 3 407121
58 44 370304
58 14 407121
57 19 504000
57 29 331845
57 20 504000
56 59 504000
56 58 407121
55 54 454352
55 43 504000
54 27 365043
54 23 401642
54 50 454352
54 55 454352
54 51 454352
54 33 454352
53 1 395924
53 36 504000
52 35 504000
52 21 504000
52 27 365043
51 54 454352
51 29 331845
51 2 504000
50 54 454352
50 23 401642
50 4 504000
49 39 417202
49 35 504000
48 25 504000
48 3 504000
48 26 504000
47 60 504000
47 23 401642
46 9 330187
46 44 370304
46 41 504000
45 27 365043
45 38 463617
45 64 504000
45 36 504000
44 58 370304
44 46 370304
44 34 370304
44 41 370304
44 18 370304
44 7 370304
43 55 504000
43 17 504000
42 64 504000
42 12 425964
42 0 504000
41 46 504000
41 44 370304
41 9 330187
40 13 504000
40 22 504000
40 21 504000
39 29 331845
39 15 417202
39 12 425964
39 49 417202
39 6 417202
38 45 463617
38 27 365043
38 1 395924
38 30 452754
37 19 463617
37 24 391961
37 32 373702
36 45 504000
36 53 504000
35 52 504000
35 49 504000
34 58 407121
34 44 370304
34 10 504000
34 11 504000
34 7 504000
33 63 504000
33 54 454352
32 62 373702
32 29 331845
32 37 373702
32 9 330187
32 8 373702
31 30 452754
31 27 365043
30 13 452754
30 38 452754
30 31 452754
30 27 365043
30 0 452754
29 62 331845
29 39 331845
29 57 331845
29 51 331845
29 32 331845
29 28 331845
29 27 365043
29 9 330187
29 8 331845
29 2 331845
28 29 331845
28 27 365043
27 54 365043
27 45 365043
27 38 365043
27 9 330187
27 2 365043
27 52 365043
27 30 365043
27 28 365043
27 29 365043
27 31 365043
26 62 351154
26 16 504000
26 48 504000
25 48 504000
25 14 504000
25 23 401642
24 62 391961
24 37 391961
24 60 391961
24 4 391961
23 54 401642
23 14 401642
23 25 401642
23 47 401642
23 50 401642
22 40 504000
22 12 425964
21 52 504000
21 40 504000
21 13 504000
20 8 504000
20 57 504000
19 57 504000
19 37 463617
18 44 370304
18 16 504000
17 43 504000
17 63 504000
16 26 504000
16 5 504000
16 18 504000
15 39 417202
15 12 425964
15 61 504000
15 6 504000
14 23 401642
14 25 504000
14 58 407121
13 40 504000
13 30 452754
13 0 504000
13 21 504000
12 64 425964
12 39 425964
12 15 425964
12 42 425964
12 61 425964
12 22 425964
11 59 504000
11 34 504000
10 34 504000
9 46 330187
9 27 330187
9 32 330187
9 1 395924
9 41 330187
9 29 330187
8 32 373702
8 20 504000
8 29 331845
7 44 370304
7 34 504000
6 39 417202
6 15 504000
5 62 351154
5 16 504000
4 24 391961
4 50 504000
3 58 407121
3 48 504000
2 27 365043
2 51 504000
2 29 331845
1 53 395924
1 38 395924
1 9 395924
0 42 504000
0 13 504000
0 30 452754
