@nodes
label table_size
64 807
63 807
62 807
61 807
60 807
59 807
58 807
57 807
56 807
55 807
54 807
53 807
52 807
51 807
50 807
49 807
48 807
47 807
46 807
45 807
44 807
43 807
42 807
41 807
40 807
39 807
38 807
37 807
36 807
35 807
34 807
33 807
32 807
31 807
30 807
29 807
28 807
27 807
26 807
25 807
24 807
23 807
22 807
21 807
20 807
19 807
18 807
17 807
16 807
15 807
14 807
13 807
12 807
11 807
10 807
9 807
8 807
7 807
6 807
5 807
4 807
3 807
2 807
1 807
0 807
@arcs
       bandwidth
64 12 504000
64 42 504000
64 45 504000
63 33 504000
63 17 504000
62 58 384831
62 29 364046
62 5 384831
62 32 440126
62 26 384831
62 24 384831
61 15 504000
61 12 504000
60 47 504000
60 24 504000
59 58 504000
59 11 504000
59 56 504000
58 62 384831
58 59 504000
58 34 504000
58 56 504000
58 3 504000
58 44 448487
58 14 504000
57 19 504000
57 29 364046
57 20 504000
56 59 504000
56 58 504000
55 54 504000
55 43 504000
54 27 409038
54 23 504000
54 50 504000
54 55 504000
54 51 504000
54 33 504000
53 1 504000
53 36 504000
52 35 504000
52 21 504000
52 27 409038
51 54 504000
51 29 364046
51 2 504000
50 54 504000
50 23 504000
50 4 504000
49 39 501526
49 35 504000
48 25 504000
48 3 504000
48 26 504000
47 60 504000
47 23 504000
46 9 364542
46 44 448487
46 41 504000
45 27 409038
45 38 504000
45 64 504000
45 36 504000
44 58 448487
44 46 448487
44 34 448487
44 41 448487
44 18 448487
44 7 448487
43 55 504000
43 17 504000
42 64 504000
42 12 504000
42 0 504000
41 46 504000
41 44 448487
41 9 364542
40 13 504000
40 22 504000
40 21 504000
39 29 364046
39 15 501526
39 12 501526
39 49 501526
39 6 501526
38 45 504000
38 27 409038
38 1 504000
38 30 504000
37 19 504000
37 24 504000
37 32 440126
36 45 504000
36 53 504000
35 52 504000
35 49 504000
34 58 504000
34 44 448487
34 10 504000
34 11 504000
34 7 504000
33 63 504000
33 54 504000
32 62 440126
32 29 364046
32 37 440126
32 9 364542
32 8 440126
31 30 504000
31 27 409038
30 13 504000
30 38 504000
30 31 504000
30 27 409038
30 0 504000
29 62 364046
29 39 364046
29 57 364046
29 51 364046
29 32 364046
29 28 364046
29 27 409038
29 9 364542
29 8 364046
29 2 364046
28 29 364046
28 27 409038
27 54 409038
27 45 409038
27 38 409038
27 9 364542
27 2 409038
27 52 409038
27 30 409038
27 28 409038
27 29 409038
27 31 409038
26 62 384831
26 16 504000
26 48 504000
25 48 504000
25 14 504000
25 23 504000
24 62 384831
24 37 504000
24 60 504000
24 4 504000
23 54 504000
23 14 504000
23 25 504000
23 47 504000
23 50 504000
22 40 504000
22 12 504000
21 52 504000
21 40 504000
21 13 504000
20 8 504000
20 57 504000
19 57 504000
19 37 504000
18 44 448487
18 16 504000
17 43 504000
17 63 504000
16 26 504000
16 5 504000
16 18 504000
15 39 501526
15 12 504000
15 61 504000
15 6 504000
14 23 504000
14 25 504000
14 58 504000
13 40 504000
13 30 504000
13 0 504000
13 21 504000
12 64 504000
12 39 501526
12 15 504000
12 42 504000
12 61 504000
12 22 504000
11 59 504000
11 34 504000
10 34 504000
9 46 364542
9 27 364542
9 32 364542
9 1 364542
9 41 364542
9 29 364542
8 32 440126
8 20 504000
8 29 364046
7 44 448487
7 34 504000
6 39 501526
6 15 504000
5 62 384831
5 16 504000
4 24 504000
4 50 504000
3 58 504000
3 48 504000
2 27 409038
2 51 504000
2 29 364046
1 53 504000
1 38 504000
1 9 364542
0 42 504000
0 13 504000
0 30 504000
