@nodes
label table_size
64 807
63 807
62 807
61 807
60 807
59 807
58 807
57 807
56 807
55 807
54 807
53 807
52 807
51 807
50 807
49 807
48 807
47 807
46 807
45 807
44 807
43 807
42 807
41 807
40 807
39 807
38 807
37 807
36 807
35 807
34 807
33 807
32 807
31 807
30 807
29 807
28 807
27 807
26 807
25 807
24 807
23 807
22 807
21 807
20 807
19 807
18 807
17 807
16 807
15 807
14 807
13 807
12 807
11 807
10 807
9 807
8 807
7 807
6 807
5 807
4 807
3 807
2 807
1 807
0 807
@arcs
       bandwidth
64 12 504000
64 42 504000
64 45 504000
63 33 504000
63 17 504000
62 58 504000
62 29 504000
62 5 504000
62 32 504000
62 26 504000
62 24 504000
61 15 504000
61 12 504000
60 47 504000
60 24 504000
59 58 504000
59 11 504000
59 56 504000
58 62 504000
58 59 504000
58 34 504000
58 56 504000
58 3 504000
58 44 504000
58 14 504000
57 19 504000
57 29 504000
57 20 504000
56 59 504000
56 58 504000
55 54 504000
55 43 504000
54 27 504000
54 23 504000
54 50 504000
54 55 504000
54 51 504000
54 33 504000
53 1 504000
53 36 504000
52 35 504000
52 21 504000
52 27 504000
51 54 504000
51 29 504000
51 2 504000
50 54 504000
50 23 504000
50 4 504000
49 39 504000
49 35 504000
48 25 504000
48 3 504000
48 26 504000
47 60 504000
47 23 504000
46 9 503377
46 44 504000
46 41 504000
45 27 504000
45 38 504000
45 64 504000
45 36 504000
44 58 504000
44 46 504000
44 34 504000
44 41 504000
44 18 504000
44 7 504000
43 55 504000
43 17 504000
42 64 504000
42 12 504000
42 0 504000
41 46 504000
41 44 504000
41 9 503377
40 13 504000
40 22 504000
40 21 504000
39 29 504000
39 15 504000
39 12 504000
39 49 504000
39 6 504000
38 45 504000
38 27 504000
38 1 504000
38 30 504000
37 19 504000
37 24 504000
37 32 504000
36 45 504000
36 53 504000
35 52 504000
35 49 504000
34 58 504000
34 44 504000
34 10 504000
34 11 504000
34 7 504000
33 63 504000
33 54 504000
32 62 504000
32 29 504000
32 37 504000
32 9 503377
32 8 504000
31 30 504000
31 27 504000
30 13 504000
30 38 504000
30 31 504000
30 27 504000
30 0 504000
29 62 504000
29 39 504000
29 57 504000
29 51 504000
29 32 504000
29 28 504000
29 27 504000
29 9 503377
29 8 504000
29 2 504000
28 29 504000
28 27 504000
27 54 504000
27 45 504000
27 38 504000
27 9 503377
27 2 504000
27 52 504000
27 30 504000
27 28 504000
27 29 504000
27 31 504000
26 62 504000
26 16 504000
26 48 504000
25 48 504000
25 14 504000
25 23 504000
24 62 504000
24 37 504000
24 60 504000
24 4 504000
23 54 504000
23 14 504000
23 25 504000
23 47 504000
23 50 504000
22 40 504000
22 12 504000
21 52 504000
21 40 504000
21 13 504000
20 8 504000
20 57 504000
19 57 504000
19 37 504000
18 44 504000
18 16 504000
17 43 504000
17 63 504000
16 26 504000
16 5 504000
16 18 504000
15 39 504000
15 12 504000
15 61 504000
15 6 504000
14 23 504000
14 25 504000
14 58 504000
13 40 504000
13 30 504000
13 0 504000
13 21 504000
12 64 504000
12 39 504000
12 15 504000
12 42 504000
12 61 504000
12 22 504000
11 59 504000
11 34 504000
10 34 504000
9 46 503377
9 27 503377
9 32 503377
9 1 503377
9 41 503377
9 29 503377
8 32 504000
8 20 504000
8 29 504000
7 44 504000
7 34 504000
6 39 504000
6 15 504000
5 62 504000
5 16 504000
4 24 504000
4 50 504000
3 58 504000
3 48 504000
2 27 504000
2 51 504000
2 29 504000
1 53 504000
1 38 504000
1 9 503377
0 42 504000
0 13 504000
0 30 504000
