@nodes
label table_size
10 22
9 22
8 22
7 22
6 22
5 22
4 22
3 22
2 22
1 22
0 22
@arcs
       bandwidth
10 8 0.951196
10 5 0.951196
10 2 0.908418
10 3 0.91152
10 7 0.890965
10 6 0.905494
10 1 0.935004
10 0 0.900124
9 5 0.951196
9 2 0.908418
9 1 0.935004
9 0 0.900124
9 6 0.905494
9 3 0.91152
9 7 0.890965
9 8 0.951196
8 10 0.951196
8 6 0.905494
8 9 0.951196
8 4 0.91152
8 2 0.908418
8 3 0.91152
8 0 0.900124
7 0 0.900124
7 10 0.890965
7 9 0.890965
7 4 0.91152
7 2 0.908418
7 5 0.951196
7 3 0.91152
7 1 0.935004
7 6 0.905494
6 4 0.91152
6 8 0.905494
6 9 0.905494
6 3 0.91152
6 10 0.905494
6 0 0.900124
6 7 0.905494
5 3 0.91152
5 10 0.951196
5 9 0.951196
5 4 0.91152
5 2 0.908418
5 7 0.951196
5 1 0.935004
4 6 0.91152
4 3 0.91152
4 2 0.908418
4 8 0.91152
4 7 0.91152
4 5 0.91152
4 1 0.935004
3 5 0.91152
3 4 0.91152
3 6 0.91152
3 10 0.91152
3 9 0.91152
3 8 0.91152
3 7 0.91152
3 1 0.935004
2 4 0.908418
2 10 0.908418
2 9 0.908418
2 8 0.908418
2 7 0.908418
2 5 0.908418
2 1 0.935004
2 0 0.900124
1 0 0.900124
1 9 0.935004
1 10 0.935004
1 7 0.935004
1 5 0.935004
1 4 0.935004
1 3 0.935004
1 2 0.935004
0 7 0.900124
0 1 0.900124
0 9 0.900124
0 10 0.900124
0 8 0.900124
0 6 0.900124
0 2 0.900124
