@nodes
label table_size
0 45
1 45
2 45
3 45
4 45
5 45
6 45
7 45
8 45
9 45
10 45
11 45
12 45
13 45
@arcs
    bandwidth
0 1 20.0
1 0 20.0
0 12 20.0
12 0 20.0
0 13 20.0
13 0 20.0
1 11 20.0
11 1 20.0
1 13 20.0
13 1 20.0
2 7 20.0
7 2 20.0
2 11 20.0
11 2 20.0
2 12 20.0
12 2 20.0
3 8 20.0
8 3 20.0
3 9 20.0
9 3 20.0
3 11 20.0
11 3 20.0
4 10 20.0
10 4 20.0
4 11 20.0
11 4 20.0
5 7 20.0
7 5 20.0
5 10 20.0
10 5 20.0
5 13 20.0
13 5 20.0
6 8 20.0
8 6 20.0
6 9 20.0
9 6 20.0
6 12 20.0
12 6 20.0
8 10 20.0
10 8 20.0
9 10 20.0
10 9 20.0
