@nodes
label table_size
13 45
12 45
11 45
10 45
9 45
8 45
7 45
6 45
5 45
4 45
3 45
2 45
1 45
0 45
@arcs
       bandwidth
13 5 19.5745
13 1 20
13 0 20
12 6 19.1837
12 2 19.1837
12 0 19.1837
11 4 19.5745
11 3 19.5745
11 2 19.5745
11 1 19.5745
10 9 20
10 8 20
10 5 19.5745
10 4 20
9 10 20
9 6 20
9 3 20
8 10 20
8 6 20
8 3 20
7 5 19.5745
7 2 20
6 12 19.1837
6 9 20
6 8 20
5 13 19.5745
5 10 19.5745
5 7 19.5745
4 11 19.5745
4 10 20
3 11 19.5745
3 9 20
3 8 20
2 12 19.1837
2 11 19.5745
2 7 20
1 13 20
1 11 19.5745
1 0 20
0 13 20
0 12 19.1837
0 1 20
