@nodes
label table_size
13 45
12 45
11 45
10 45
9 45
8 45
7 45
6 45
5 45
4 45
3 45
2 45
1 45
0 45
@arcs
       bandwidth
13 5 16.5217
13 1 18.1818
13 0 18.8235
12 6 18.8235
12 2 17.6271
12 0 18.8235
11 4 16.338
11 3 16.338
11 2 17.6271
11 1 16.338
10 9 20
10 8 20
10 5 16.5217
10 4 20
9 10 20
9 6 18.8235
9 3 20
8 10 20
8 6 18.8235
8 3 20
7 5 16.5217
7 2 17.6271
6 12 18.8235
6 9 18.8235
6 8 18.8235
5 13 16.5217
5 10 16.5217
5 7 16.5217
4 11 16.338
4 10 20
3 11 16.338
3 9 20
3 8 20
2 12 17.6271
2 11 17.6271
2 7 17.6271
1 13 18.1818
1 11 16.338
1 0 18.8235
0 13 18.8235
0 12 18.8235
0 1 18.8235
