7,9,0-0
7,5,9,0-1
0,6,1-0
0,9,5,2-0
0,2,5,2-1
0,6,3,5,2-2
0,8,3,5,2-3
0,7,4,3-0
0,8,4,3-1
0,2,4,3-2
0,9,5,4,3-3
6,8,4-0
6,9,8,4-1
6,4,8,4-2
6,7,5-0
6,4,7,5-1
6,3,7,5-2
6,10,7,5-3
10,8,6-0
10,2,4,8,6-1
10,0,8,6-2
10,6,7-0
10,3,6,7-1
10,1,7,6,7-2
10,5,8-0
10,1,5,8-1
10,3,5,8-2
3,9,9-0
2,9,10-0
2,5,9,10-1
2,8,9,10-2
0,7,11-0
0,10,7,11-1
0,9,7,11-2
2,8,3,12-0
2,1,3,12-1
2,7,3,12-2
2,4,3,12-3
2,7,6,13-0
2,8,6,13-1
2,10,6,13-2
2,4,8,9,6,13-3
1,2,14-0
1,10,2,14-1
1,7,2,14-2
3,8,15-0
4,6,16-0
4,3,6,16-1
4,7,6,16-2
4,5,17-0
4,1,5,17-1
4,7,5,17-2
0,10,18-0
0,8,10,18-1
0,2,10,18-2
0,6,10,18-3
3,4,19-0
3,1,4,19-1
1,9,20-0
1,4,8,9,20-1
1,5,9,20-2
0,1,21-0
0,9,1,21-1
0,2,1,21-2
