@nodes
label table_size
49 331
48 331
47 331
46 331
45 331
44 331
43 331
42 331
41 331
40 331
39 331
38 331
37 331
36 331
35 331
34 331
33 331
32 331
31 331
30 331
29 331
28 331
27 331
26 331
25 331
24 331
23 331
22 331
21 331
20 331
19 331
18 331
17 331
16 331
15 331
14 331
13 331
12 331
11 331
10 331
9 331
8 331
7 331
6 331
5 331
4 331
3 331
2 331
1 331
0 331
@arcs
       bandwidth
49 37 38.8604
49 1 29.4707
49 45 29.4707
49 18 33.6495
49 13 28.564
48 36 35.8753
48 38 35.5765
48 0 35.8753
48 14 35.8753
47 1 40
47 45 40
46 42 40
46 28 32.9045
46 0 40
45 49 29.4707
45 30 40
45 47 40
45 24 31.015
44 19 36.8448
44 4 38.6479
44 28 32.9045
44 10 36.1071
43 27 28.9581
43 21 31.9711
43 20 28.9581
43 32 28.9581
43 3 29.721
42 24 31.015
42 46 40
42 23 40
41 37 38.8604
41 40 40
41 34 40
40 41 40
40 34 40
39 22 32.1915
39 38 35.5765
39 35 40
38 39 35.5765
38 36 35.5765
38 6 38.8604
38 48 35.5765
37 41 38.8604
37 49 38.8604
37 2 38.8604
37 34 38.8604
36 38 35.5765
36 48 35.8753
35 39 40
35 4 38.6479
35 10 36.1071
34 41 40
34 37 38.8604
34 40 40
34 26 40
34 1 40
33 24 31.015
33 9 40
32 5 35.0113
32 43 28.9581
32 31 30.9061
32 3 29.721
31 2 30.9061
31 32 30.9061
31 13 28.564
31 11 32.5142
31 3 29.721
30 26 40
30 17 40
30 45 40
29 28 32.9045
29 0 40
29 12 40
28 46 32.9045
28 23 32.9045
28 16 34.4858
28 44 32.9045
28 29 32.9045
27 15 40
27 21 31.9711
27 43 28.9581
26 34 40
26 30 40
25 18 33.6495
25 19 36.8448
25 5 35.0113
25 13 28.564
25 10 36.1071
24 17 31.015
24 45 31.015
24 42 31.015
24 23 31.015
24 33 31.015
23 24 31.015
23 42 40
23 9 40
23 28 32.9045
22 39 32.1915
22 5 35.0113
22 4 38.6479
22 6 38.8604
22 21 31.9711
21 5 35.0113
21 22 31.9711
21 27 31.9711
21 43 31.9711
20 43 28.9581
20 3 29.721
19 18 33.6495
19 16 34.4858
19 25 36.8448
19 44 36.8448
18 49 33.6495
18 19 33.6495
18 16 34.4858
18 25 33.6495
17 30 40
17 24 31.015
16 18 34.4858
16 19 34.4858
16 9 34.4858
16 28 34.4858
15 7 40
15 27 40
14 48 35.8753
14 10 36.1071
14 12 40
13 49 28.564
13 25 28.564
13 8 28.564
13 11 32.5142
13 31 28.564
12 29 40
12 14 40
11 8 32.5142
11 13 32.5142
11 31 32.5142
11 3 29.721
10 25 36.1071
10 44 36.1071
10 35 36.1071
10 14 36.1071
9 23 40
9 33 40
9 16 34.4858
8 2 40
8 13 28.564
8 11 32.5142
7 15 40
7 6 38.8604
6 22 38.8604
6 7 38.8604
6 38 38.8604
5 25 35.0113
5 4 38.6479
5 22 35.0113
5 21 35.0113
5 32 35.0113
4 5 38.6479
4 22 38.6479
4 44 38.6479
4 35 38.6479
3 20 29.721
3 32 29.721
3 43 29.721
3 11 29.721
3 31 29.721
2 37 38.8604
2 8 40
2 31 30.9061
1 49 29.4707
1 34 40
1 47 40
0 46 40
0 48 35.8753
0 29 40
