@nodes
label table_size
0 331
1 331
2 331
3 331
4 331
5 331
6 331
7 331
8 331
9 331
10 331
11 331
12 331
13 331
14 331
15 331
16 331
17 331
18 331
19 331
20 331
21 331
22 331
23 331
24 331
25 331
26 331
27 331
28 331
29 331
30 331
31 331
32 331
33 331
34 331
35 331
36 331
37 331
38 331
39 331
40 331
41 331
42 331
43 331
44 331
45 331
46 331
47 331
48 331
49 331
@arcs
    bandwidth
12 14 40.0
14 12 40.0
10 14 40.0
14 10 40.0
48 14 40.0
14 48 40.0
29 12 40.0
12 29 40.0
0 29 40.0
29 0 40.0
28 29 40.0
29 28 40.0
35 10 40.0
10 35 40.0
44 10 40.0
10 44 40.0
25 10 40.0
10 25 40.0
48 0 40.0
0 48 40.0
46 0 40.0
0 46 40.0
4 35 40.0
35 4 40.0
39 35 40.0
35 39 40.0
44 28 40.0
28 44 40.0
16 28 40.0
28 16 40.0
23 28 40.0
28 23 40.0
46 28 40.0
28 46 40.0
4 44 40.0
44 4 40.0
19 44 40.0
44 19 40.0
38 48 40.0
48 38 40.0
36 48 40.0
48 36 40.0
31 3 40.0
3 31 40.0
11 3 40.0
3 11 40.0
43 3 40.0
3 43 40.0
32 3 40.0
3 32 40.0
20 3 40.0
3 20 40.0
11 31 40.0
31 11 40.0
13 31 40.0
31 13 40.0
32 31 40.0
31 32 40.0
2 31 40.0
31 2 40.0
13 11 40.0
11 13 40.0
8 11 40.0
11 8 40.0
8 13 40.0
13 8 40.0
25 13 40.0
13 25 40.0
49 13 40.0
13 49 40.0
2 8 40.0
8 2 40.0
32 43 40.0
43 32 40.0
20 43 40.0
43 20 40.0
21 43 40.0
43 21 40.0
27 43 40.0
43 27 40.0
5 32 40.0
32 5 40.0
27 21 40.0
21 27 40.0
22 21 40.0
21 22 40.0
5 21 40.0
21 5 40.0
38 6 40.0
6 38 40.0
7 6 40.0
6 7 40.0
22 6 40.0
6 22 40.0
15 27 40.0
27 15 40.0
36 38 40.0
38 36 40.0
39 38 40.0
38 39 40.0
7 15 40.0
15 7 40.0
4 22 40.0
22 4 40.0
5 22 40.0
22 5 40.0
39 22 40.0
22 39 40.0
5 4 40.0
4 5 40.0
25 5 40.0
5 25 40.0
19 25 40.0
25 19 40.0
18 25 40.0
25 18 40.0
9 16 40.0
16 9 40.0
19 16 40.0
16 19 40.0
18 16 40.0
16 18 40.0
33 9 40.0
9 33 40.0
23 9 40.0
9 23 40.0
24 33 40.0
33 24 40.0
42 23 40.0
23 42 40.0
24 23 40.0
23 24 40.0
18 19 40.0
19 18 40.0
42 46 40.0
46 42 40.0
49 18 40.0
18 49 40.0
24 42 40.0
42 24 40.0
24 45 40.0
45 24 40.0
47 45 40.0
45 47 40.0
30 45 40.0
45 30 40.0
49 45 40.0
45 49 40.0
17 24 40.0
24 17 40.0
1 47 40.0
47 1 40.0
17 30 40.0
30 17 40.0
26 30 40.0
30 26 40.0
1 34 40.0
34 1 40.0
26 34 40.0
34 26 40.0
40 34 40.0
34 40 40.0
37 34 40.0
34 37 40.0
41 34 40.0
34 41 40.0
49 1 40.0
1 49 40.0
41 40 40.0
40 41 40.0
2 37 40.0
37 2 40.0
49 37 40.0
37 49 40.0
41 37 40.0
37 41 40.0
