@nodes
label table_size
49 331
48 331
47 331
46 331
45 331
44 331
43 331
42 331
41 331
40 331
39 331
38 331
37 331
36 331
35 331
34 331
33 331
32 331
31 331
30 331
29 331
28 331
27 331
26 331
25 331
24 331
23 331
22 331
21 331
20 331
19 331
18 331
17 331
16 331
15 331
14 331
13 331
12 331
11 331
10 331
9 331
8 331
7 331
6 331
5 331
4 331
3 331
2 331
1 331
0 331
@arcs
       bandwidth
49 37 35.2887
49 1 35.2887
49 45 35.2887
49 18 35.2887
49 13 33.763
48 36 40
48 38 40
48 0 40
48 14 40
47 1 40
47 45 40
46 42 40
46 28 40
46 0 40
45 49 35.2887
45 30 40
45 47 40
45 24 39.6439
44 19 40
44 4 40
44 28 40
44 10 40
43 27 36.0291
43 21 36.0291
43 20 36.0291
43 32 36.0291
43 3 39.4135
42 24 39.6439
42 46 40
42 23 40
41 37 40
41 40 40
41 34 40
40 41 40
40 34 40
39 22 39.6439
39 38 40
39 35 40
38 39 40
38 36 40
38 6 40
38 48 40
37 41 40
37 49 35.2887
37 2 40
37 34 40
36 38 40
36 48 40
35 39 40
35 4 40
35 10 40
34 41 40
34 37 40
34 40 40
34 26 40
34 1 40
33 24 39.6439
33 9 40
32 5 40
32 43 36.0291
32 31 40
32 3 39.4135
31 2 40
31 32 40
31 13 33.763
31 11 40
31 3 39.4135
30 26 40
30 17 40
30 45 40
29 28 40
29 0 40
29 12 40
28 46 40
28 23 40
28 16 40
28 44 40
28 29 40
27 15 40
27 21 40
27 43 36.0291
26 34 40
26 30 40
25 18 34.8098
25 19 34.8098
25 5 34.8098
25 13 33.763
25 10 34.8098
24 17 39.6439
24 45 39.6439
24 42 39.6439
24 23 39.6439
24 33 39.6439
23 24 39.6439
23 42 40
23 9 40
23 28 40
22 39 39.6439
22 5 39.6439
22 4 39.6439
22 6 39.6439
22 21 39.6439
21 5 40
21 22 39.6439
21 27 40
21 43 36.0291
20 43 36.0291
20 3 39.4135
19 18 40
19 16 40
19 25 34.8098
19 44 40
18 49 35.2887
18 19 40
18 16 40
18 25 34.8098
17 30 40
17 24 39.6439
16 18 40
16 19 40
16 9 40
16 28 40
15 7 40
15 27 40
14 48 40
14 10 40
14 12 40
13 49 33.763
13 25 33.763
13 8 33.763
13 11 33.763
13 31 33.763
12 29 40
12 14 40
11 8 40
11 13 33.763
11 31 40
11 3 39.4135
10 25 34.8098
10 44 40
10 35 40
10 14 40
9 23 40
9 33 40
9 16 40
8 2 40
8 13 33.763
8 11 40
7 15 40
7 6 40
6 22 39.6439
6 7 40
6 38 40
5 25 34.8098
5 4 40
5 22 39.6439
5 21 40
5 32 40
4 5 40
4 22 39.6439
4 44 40
4 35 40
3 20 39.4135
3 32 39.4135
3 43 39.4135
3 11 39.4135
3 31 39.4135
2 37 40
2 8 40
2 31 40
1 49 35.2887
1 34 40
1 47 40
0 46 40
0 48 40
0 29 40
