@nodes
label table_size
0 67
1 67
2 67
3 67
4 67
5 67
6 67
7 67
8 67
9 67
10 67
11 67
12 67
13 67
14 67
15 67
16 67
17 67
18 67
19 67
20 67
21 67
22 67
23 67
24 67
25 67
26 67
@arcs
    bandwidth
0 1 40.0
1 0 40.0
5 4 40.0
4 5 40.0
12 11 40.0
11 12 40.0
23 26 40.0
26 23 40.0
26 23 40.0
23 26 40.0
5 6 40.0
6 5 40.0
6 5 40.0
5 6 40.0
6 7 40.0
7 6 40.0
7 6 40.0
6 7 40.0
7 8 40.0
8 7 40.0
8 7 40.0
7 8 40.0
8 9 40.0
9 8 40.0
9 8 40.0
8 9 40.0
8 11 40.0
11 8 40.0
1 0 40.0
0 1 40.0
11 8 40.0
8 11 40.0
9 11 40.0
11 9 40.0
11 9 40.0
9 11 40.0
10 11 40.0
11 10 40.0
11 10 40.0
10 11 40.0
9 10 40.0
10 9 40.0
10 9 40.0
9 10 40.0
10 25 40.0
25 10 40.0
25 10 40.0
10 25 40.0
24 25 40.0
25 24 40.0
1 2 40.0
2 1 40.0
25 24 40.0
24 25 40.0
22 24 40.0
24 22 40.0
24 22 40.0
22 24 40.0
23 24 40.0
24 23 40.0
24 23 40.0
23 24 40.0
22 23 40.0
23 22 40.0
23 22 40.0
22 23 40.0
21 23 40.0
23 21 40.0
23 21 40.0
21 23 40.0
22 26 40.0
26 22 40.0
2 1 40.0
1 2 40.0
26 22 40.0
22 26 40.0
21 22 40.0
22 21 40.0
22 21 40.0
21 22 40.0
20 21 40.0
21 20 40.0
21 20 40.0
20 21 40.0
0 20 40.0
20 0 40.0
20 0 40.0
0 20 40.0
19 20 40.0
20 19 40.0
20 19 40.0
19 20 40.0
0 19 40.0
19 0 40.0
2 3 40.0
3 2 40.0
19 0 40.0
0 19 40.0
19 21 40.0
21 19 40.0
21 19 40.0
19 21 40.0
1 19 40.0
19 1 40.0
19 1 40.0
1 19 40.0
19 26 40.0
26 19 40.0
26 19 40.0
19 26 40.0
21 26 40.0
26 21 40.0
26 21 40.0
21 26 40.0
18 19 40.0
19 18 40.0
3 2 40.0
2 3 40.0
19 18 40.0
18 19 40.0
18 26 40.0
26 18 40.0
26 18 40.0
18 26 40.0
3 18 40.0
18 3 40.0
18 3 40.0
3 18 40.0
17 18 40.0
18 17 40.0
18 17 40.0
17 18 40.0
15 18 40.0
18 15 40.0
18 15 40.0
15 18 40.0
18 23 40.0
23 18 40.0
3 4 40.0
4 3 40.0
23 18 40.0
18 23 40.0
15 23 40.0
23 15 40.0
23 15 40.0
15 23 40.0
15 25 40.0
25 15 40.0
25 15 40.0
15 25 40.0
14 15 40.0
15 14 40.0
15 14 40.0
14 15 40.0
10 14 40.0
14 10 40.0
14 10 40.0
10 14 40.0
12 14 40.0
14 12 40.0
4 3 40.0
3 4 40.0
14 12 40.0
12 14 40.0
15 16 40.0
16 15 40.0
16 15 40.0
15 16 40.0
15 17 40.0
17 15 40.0
17 15 40.0
15 17 40.0
16 17 40.0
17 16 40.0
17 16 40.0
16 17 40.0
4 17 40.0
17 4 40.0
17 4 40.0
4 17 40.0
13 16 40.0
16 13 40.0
4 5 40.0
5 4 40.0
16 13 40.0
13 16 40.0
4 13 40.0
13 4 40.0
13 4 40.0
4 13 40.0
5 13 40.0
13 5 40.0
13 5 40.0
5 13 40.0
6 13 40.0
13 6 40.0
13 6 40.0
6 13 40.0
12 16 40.0
16 12 40.0
16 12 40.0
12 16 40.0
11 12 40.0
12 11 40.0
