@nodes
label table_size
14 105
13 105
12 105
11 105
10 105
9 105
8 105
7 105
6 105
5 105
4 105
3 105
2 105
1 105
0 105
@arcs
       bandwidth
14 8 1000
14 7 926.829
13 12 948.718
13 10 972.973
13 6 852.349
12 13 948.718
12 10 948.718
12 5 756.098
11 9 1000
11 8 1000
10 13 972.973
10 12 948.718
9 11 1000
9 8 1000
9 6 852.349
8 14 1000
8 11 1000
8 9 1000
8 7 926.829
7 14 926.829
7 8 926.829
7 2 926.829
7 0 926.829
6 13 852.349
6 9 852.349
6 0 852.349
5 12 756.098
5 3 756.098
5 1 756.098
5 0 756.098
4 3 1000
4 2 1000
4 1 1000
3 5 756.098
3 4 1000
2 7 926.829
2 4 1000
2 1 1000
1 5 756.098
1 4 1000
1 2 1000
0 7 926.829
0 6 852.349
0 5 756.098
