@nodes
label table_size
14 105
13 105
12 105
11 105
10 105
9 105
8 105
7 105
6 105
5 105
4 105
3 105
2 105
1 105
0 105
@arcs
       bandwidth
14 8 1000
14 7 1000
13 12 1000
13 10 1000
13 6 906.977
12 13 1000
12 10 1000
12 5 807.018
11 9 1000
11 8 1000
10 13 1000
10 12 1000
9 11 1000
9 8 1000
9 6 906.977
8 14 1000
8 11 1000
8 9 1000
8 7 1000
7 14 1000
7 8 1000
7 2 1000
7 0 1000
6 13 906.977
6 9 906.977
6 0 906.977
5 12 807.018
5 3 807.018
5 1 807.018
5 0 807.018
4 3 1000
4 2 1000
4 1 1000
3 5 807.018
3 4 1000
2 7 1000
2 4 1000
2 1 1000
1 5 807.018
1 4 1000
1 2 1000
0 7 1000
0 6 906.977
0 5 807.018
