@nodes
label table_size
0 105
1 105
2 105
3 105
4 105
5 105
6 105
7 105
8 105
9 105
10 105
11 105
12 105
13 105
14 105
@arcs
    bandwidth
0 5 1000.0
5 0 1000.0
0 6 1000.0
6 0 1000.0
0 7 1000.0
7 0 1000.0
1 2 1000.0
2 1 1000.0
1 4 1000.0
4 1 1000.0
1 5 1000.0
5 1 1000.0
2 4 1000.0
4 2 1000.0
2 7 1000.0
7 2 1000.0
3 4 1000.0
4 3 1000.0
3 5 1000.0
5 3 1000.0
5 12 1000.0
12 5 1000.0
6 9 1000.0
9 6 1000.0
6 13 1000.0
13 6 1000.0
7 8 1000.0
8 7 1000.0
7 14 1000.0
14 7 1000.0
8 9 1000.0
9 8 1000.0
8 11 1000.0
11 8 1000.0
8 14 1000.0
14 8 1000.0
9 11 1000.0
11 9 1000.0
10 12 1000.0
12 10 1000.0
10 13 1000.0
13 10 1000.0
12 13 1000.0
13 12 1000.0
