@nodes
label table_size
14 105
13 105
12 105
11 105
10 105
9 105
8 105
7 105
6 105
5 105
4 105
3 105
2 105
1 105
0 105
@arcs
       bandwidth
14 8 1000
14 7 1000
13 12 1000
13 10 1000
13 6 1000
12 13 1000
12 10 1000
12 5 920
11 9 1000
11 8 1000
10 13 1000
10 12 1000
9 11 1000
9 8 1000
9 6 1000
8 14 1000
8 11 1000
8 9 1000
8 7 1000
7 14 1000
7 8 1000
7 2 1000
7 0 1000
6 13 1000
6 9 1000
6 0 1000
5 12 920
5 3 920
5 1 920
5 0 920
4 3 1000
4 2 1000
4 1 1000
3 5 920
3 4 1000
2 7 1000
2 4 1000
2 1 1000
1 5 920
1 4 1000
1 2 1000
0 7 1000
0 6 1000
0 5 920
