@nodes
label table_size
10 55
9 55
8 55
7 55
6 55
5 55
4 55
3 55
2 55
1 55
0 55
@arcs
       bandwidth
10 2 119.703
10 9 107.308
9 8 107.308
9 7 107.308
9 5 107.308
9 4 107.308
9 3 145.159
9 1 107.308
9 0 107.308
9 10 107.308
9 6 107.308
9 2 119.703
8 9 107.308
8 6 155
8 5 155
8 0 155
8 7 155
8 4 155
8 3 145.159
8 2 119.703
8 1 155
7 9 107.308
7 6 155
7 5 155
7 3 145.159
7 2 119.703
7 8 155
7 4 155
7 1 155
7 0 155
6 7 155
6 8 155
6 2 119.703
6 0 155
6 9 107.308
6 5 155
6 4 155
6 3 145.159
6 1 155
5 7 155
5 8 155
5 9 107.308
5 4 155
5 1 155
5 6 155
5 3 145.159
5 2 119.703
5 0 155
4 5 155
4 9 107.308
4 3 145.159
4 2 119.703
4 6 155
4 7 155
4 8 155
4 1 155
4 0 155
3 4 145.159
3 7 145.159
3 9 145.159
3 2 119.703
3 0 145.159
3 5 145.159
3 6 145.159
3 8 145.159
3 1 145.159
2 3 119.703
2 4 119.703
2 6 119.703
2 7 119.703
2 1 119.703
2 0 119.703
2 10 119.703
2 5 119.703
2 8 119.703
2 9 119.703
1 2 119.703
1 5 155
1 9 107.308
1 0 155
1 4 155
1 3 145.159
1 6 155
1 7 155
1 8 155
0 9 107.308
0 1 155
0 2 119.703
0 3 145.159
0 6 155
0 8 155
0 4 155
0 5 155
0 7 155
