@nodes
label table_size
10 55
9 55
8 55
7 55
6 55
5 55
4 55
3 55
2 55
1 55
0 55
@arcs
       bandwidth
10 2 98.9196
10 9 86.146
9 8 112.154
9 7 107.308
9 5 108.613
9 4 109.549
9 3 104.65
9 1 107.73
9 0 107.73
9 10 86.146
9 6 106.897
9 2 98.9196
8 9 112.154
8 6 106.897
8 5 108.613
8 0 107.73
8 7 107.308
8 4 109.549
8 3 104.65
8 2 98.9196
8 1 107.73
7 9 107.308
7 6 106.897
7 5 108.613
7 3 104.65
7 2 98.9196
7 8 107.308
7 4 109.549
7 1 107.73
7 0 107.73
6 7 106.897
6 8 106.897
6 2 98.9196
6 0 107.73
6 9 106.897
6 5 108.613
6 4 109.549
6 3 104.65
6 1 107.73
5 7 108.613
5 8 108.613
5 9 108.613
5 4 109.549
5 1 107.73
5 6 108.613
5 3 104.65
5 2 98.9196
5 0 107.73
4 5 109.549
4 9 109.549
4 3 104.65
4 2 98.9196
4 6 109.549
4 7 109.549
4 8 109.549
4 1 107.73
4 0 107.73
3 4 104.65
3 7 104.65
3 9 104.65
3 2 98.9196
3 0 107.73
3 5 104.65
3 6 104.65
3 8 104.65
3 1 107.73
2 3 98.9196
2 4 98.9196
2 6 98.9196
2 7 98.9196
2 1 107.73
2 0 107.73
2 10 98.9196
2 5 98.9196
2 8 98.9196
2 9 98.9196
1 2 107.73
1 5 107.73
1 9 107.73
1 0 107.73
1 4 107.73
1 3 107.73
1 6 107.73
1 7 107.73
1 8 107.73
0 9 107.73
0 1 107.73
0 2 107.73
0 3 107.73
0 6 107.73
0 8 107.73
0 4 107.73
0 5 107.73
0 7 107.73
