@nodes
label table_size
10 55
9 55
8 55
7 55
6 55
5 55
4 55
3 55
2 55
1 55
0 55
@arcs
       bandwidth
10 2 86.2526
10 9 81.9821
9 8 94.6185
9 7 93.5849
9 5 92.0478
9 4 94.898
9 3 90.9464
9 1 92.669
9 0 92.669
9 10 81.9821
9 6 91.7559
9 2 86.2526
8 9 94.6185
8 6 91.7559
8 5 92.0478
8 0 92.669
8 7 93.5849
8 4 94.898
8 3 90.9464
8 2 86.2526
8 1 92.669
7 9 93.5849
7 6 91.7559
7 5 92.0478
7 3 90.9464
7 2 86.2526
7 8 93.5849
7 4 94.898
7 1 92.669
7 0 92.669
6 7 91.7559
6 8 91.7559
6 2 86.2526
6 0 92.669
6 9 91.7559
6 5 92.0478
6 4 94.898
6 3 90.9464
6 1 92.669
5 7 92.0478
5 8 92.0478
5 9 92.0478
5 4 94.898
5 1 92.669
5 6 92.0478
5 3 90.9464
5 2 86.2526
5 0 92.669
4 5 94.898
4 9 94.898
4 3 90.9464
4 2 86.2526
4 6 94.898
4 7 94.898
4 8 94.898
4 1 92.669
4 0 92.669
3 4 90.9464
3 7 90.9464
3 9 90.9464
3 2 86.2526
3 0 92.669
3 5 90.9464
3 6 90.9464
3 8 90.9464
3 1 92.669
2 3 86.2526
2 4 86.2526
2 6 86.2526
2 7 86.2526
2 1 92.669
2 0 92.669
2 10 86.2526
2 5 86.2526
2 8 86.2526
2 9 86.2526
1 2 92.669
1 5 92.669
1 9 92.669
1 0 92.669
1 4 92.669
1 3 92.669
1 6 92.669
1 7 92.669
1 8 92.669
0 9 92.669
0 1 92.669
0 2 92.669
0 3 92.669
0 6 92.669
0 8 92.669
0 4 92.669
0 5 92.669
0 7 92.669
