@nodes
label table_size
0 55
1 55
2 55
3 55
4 55
5 55
6 55
7 55
8 55
9 55
10 55
@arcs
    bandwidth
0 7 155.0
7 0 155.0
0 5 155.0
5 0 155.0
0 4 155.0
4 0 155.0
1 8 155.0
8 1 155.0
1 7 155.0
7 1 155.0
1 6 155.0
6 1 155.0
1 3 155.0
3 1 155.0
1 4 155.0
4 1 155.0
2 9 155.0
9 2 155.0
2 8 155.0
8 2 155.0
2 5 155.0
5 2 155.0
3 8 155.0
8 3 155.0
3 6 155.0
6 3 155.0
3 5 155.0
5 3 155.0
4 8 155.0
8 4 155.0
4 7 155.0
7 4 155.0
4 6 155.0
6 4 155.0
5 6 155.0
6 5 155.0
6 9 155.0
9 6 155.0
7 8 155.0
8 7 155.0
10 9 155.0
9 10 155.0
10 2 155.0
2 10 155.0
0 8 155.0
8 0 155.0
0 6 155.0
6 0 155.0
0 3 155.0
3 0 155.0
0 2 155.0
2 0 155.0
0 1 155.0
1 0 155.0
0 9 155.0
9 0 155.0
1 9 155.0
9 1 155.0
1 5 155.0
5 1 155.0
1 2 155.0
2 1 155.0
2 7 155.0
7 2 155.0
2 6 155.0
6 2 155.0
2 4 155.0
4 2 155.0
2 3 155.0
3 2 155.0
3 9 155.0
9 3 155.0
3 7 155.0
7 3 155.0
3 4 155.0
4 3 155.0
4 9 155.0
9 4 155.0
4 5 155.0
5 4 155.0
5 9 155.0
9 5 155.0
5 8 155.0
8 5 155.0
5 7 155.0
7 5 155.0
6 8 155.0
8 6 155.0
6 7 155.0
7 6 155.0
7 9 155.0
9 7 155.0
8 9 155.0
9 8 155.0
