@nodes
label table_size
10 55
9 55
8 55
7 55
6 55
5 55
4 55
3 55
2 55
1 55
0 55
@arcs
       bandwidth
10 2 116.606
10 9 107.73
9 8 107.73
9 7 107.73
9 5 107.73
9 4 107.73
9 3 145.159
9 1 107.73
9 0 107.73
9 10 107.73
9 6 143.077
9 2 116.606
8 9 107.73
8 6 143.077
8 5 155
8 0 155
8 7 155
8 4 155
8 3 145.159
8 2 116.606
8 1 155
7 9 107.73
7 6 143.077
7 5 155
7 3 145.159
7 2 116.606
7 8 155
7 4 155
7 1 155
7 0 155
6 7 143.077
6 8 143.077
6 2 116.606
6 0 143.077
6 9 143.077
6 5 143.077
6 4 143.077
6 3 145.159
6 1 143.077
5 7 155
5 8 155
5 9 107.73
5 4 155
5 1 155
5 6 143.077
5 3 145.159
5 2 116.606
5 0 155
4 5 155
4 9 107.73
4 3 145.159
4 2 116.606
4 6 143.077
4 7 155
4 8 155
4 1 155
4 0 155
3 4 145.159
3 7 145.159
3 9 145.159
3 2 116.606
3 0 145.159
3 5 145.159
3 6 145.159
3 8 145.159
3 1 145.159
2 3 116.606
2 4 116.606
2 6 116.606
2 7 116.606
2 1 116.606
2 0 116.606
2 10 116.606
2 5 116.606
2 8 116.606
2 9 116.606
1 2 116.606
1 5 155
1 9 107.73
1 0 155
1 4 155
1 3 145.159
1 6 143.077
1 7 155
1 8 155
0 9 107.73
0 1 155
0 2 116.606
0 3 145.159
0 6 143.077
0 8 155
0 4 155
0 5 155
0 7 155
