@nodes
label table_size
10 55
9 55
8 55
7 55
6 55
5 55
4 55
3 55
2 55
1 55
0 55
@arcs
       bandwidth
10 2 132.857
10 9 122.368
9 8 122.368
9 7 122.368
9 5 122.368
9 4 122.368
9 3 122.368
9 1 122.368
9 0 122.368
9 10 122.368
9 6 122.368
9 2 132.857
8 9 122.368
8 6 155
8 5 155
8 0 155
8 7 155
8 4 155
8 3 155
8 2 132.857
8 1 155
7 9 122.368
7 6 155
7 5 155
7 3 155
7 2 132.857
7 8 155
7 4 155
7 1 155
7 0 155
6 7 155
6 8 155
6 2 132.857
6 0 155
6 9 122.368
6 5 155
6 4 155
6 3 155
6 1 155
5 7 155
5 8 155
5 9 122.368
5 4 155
5 1 155
5 6 155
5 3 155
5 2 132.857
5 0 155
4 5 155
4 9 122.368
4 3 155
4 2 132.857
4 6 155
4 7 155
4 8 155
4 1 155
4 0 155
3 4 155
3 7 155
3 9 122.368
3 2 132.857
3 0 155
3 5 155
3 6 155
3 8 155
3 1 155
2 3 132.857
2 4 132.857
2 6 132.857
2 7 132.857
2 1 132.857
2 0 132.857
2 10 132.857
2 5 132.857
2 8 132.857
2 9 132.857
1 2 132.857
1 5 155
1 9 122.368
1 0 155
1 4 155
1 3 155
1 6 155
1 7 155
1 8 155
0 9 122.368
0 1 155
0 2 132.857
0 3 155
0 6 155
0 8 155
0 4 155
0 5 155
0 7 155
