@nodes
label table_size
10 55
9 55
8 55
7 55
6 55
5 55
4 55
3 55
2 55
1 55
0 55
@arcs
       bandwidth
10 2 149.746
10 9 147.377
9 8 147.377
9 7 147.377
9 5 147.377
9 4 147.377
9 3 147.377
9 1 147.377
9 0 147.377
9 10 147.377
9 6 147.377
9 2 147.377
8 9 147.377
8 6 155
8 5 155
8 0 155
8 7 155
8 4 155
8 3 155
8 2 155
8 1 155
7 9 147.377
7 6 155
7 5 155
7 3 155
7 2 155
7 8 155
7 4 155
7 1 155
7 0 155
6 7 155
6 8 155
6 2 155
6 0 155
6 9 147.377
6 5 155
6 4 155
6 3 155
6 1 155
5 7 155
5 8 155
5 9 147.377
5 4 155
5 1 155
5 6 155
5 3 155
5 2 155
5 0 155
4 5 155
4 9 147.377
4 3 155
4 2 155
4 6 155
4 7 155
4 8 155
4 1 155
4 0 155
3 4 155
3 7 155
3 9 147.377
3 2 155
3 0 155
3 5 155
3 6 155
3 8 155
3 1 155
2 3 155
2 4 155
2 6 155
2 7 155
2 1 155
2 0 155
2 10 149.746
2 5 155
2 8 155
2 9 147.377
1 2 155
1 5 155
1 9 147.377
1 0 155
1 4 155
1 3 155
1 6 155
1 7 155
1 8 155
0 9 147.377
0 1 155
0 2 155
0 3 155
0 6 155
0 8 155
0 4 155
0 5 155
0 7 155
