@nodes
label table_size
10 55
9 55
8 55
7 55
6 55
5 55
4 55
3 55
2 55
1 55
0 55
@arcs
       bandwidth
10 2 105.728
10 9 93.7072
9 8 139.275
9 7 128.855
9 5 131.456
9 4 135.89
9 3 122.368
9 1 135.89
9 0 127.647
9 10 93.7072
9 6 120.556
9 2 105.728
8 9 139.275
8 6 120.556
8 5 131.456
8 0 127.647
8 7 128.855
8 4 135.89
8 3 122.368
8 2 105.728
8 1 135.89
7 9 128.855
7 6 120.556
7 5 131.456
7 3 122.368
7 2 105.728
7 8 128.855
7 4 135.89
7 1 135.89
7 0 127.647
6 7 120.556
6 8 120.556
6 2 105.728
6 0 127.647
6 9 120.556
6 5 131.456
6 4 135.89
6 3 122.368
6 1 135.89
5 7 131.456
5 8 131.456
5 9 131.456
5 4 135.89
5 1 135.89
5 6 131.456
5 3 122.368
5 2 105.728
5 0 127.647
4 5 135.89
4 9 135.89
4 3 122.368
4 2 105.728
4 6 135.89
4 7 135.89
4 8 135.89
4 1 135.89
4 0 127.647
3 4 122.368
3 7 122.368
3 9 122.368
3 2 105.728
3 0 127.647
3 5 122.368
3 6 122.368
3 8 122.368
3 1 135.89
2 3 105.728
2 4 105.728
2 6 105.728
2 7 105.728
2 1 135.89
2 0 127.647
2 10 105.728
2 5 105.728
2 8 105.728
2 9 105.728
1 2 135.89
1 5 135.89
1 9 135.89
1 0 127.647
1 4 135.89
1 3 135.89
1 6 135.89
1 7 135.89
1 8 135.89
0 9 127.647
0 1 127.647
0 2 127.647
0 3 127.647
0 6 127.647
0 8 127.647
0 4 127.647
0 5 127.647
0 7 127.647
