@nodes
label table_size
10 55
9 55
8 55
7 55
6 55
5 55
4 55
3 55
2 55
1 55
0 55
@arcs
       bandwidth
10 2 120.556
10 9 114.565
9 8 114.565
9 7 114.565
9 5 114.565
9 4 114.565
9 3 114.565
9 1 114.565
9 0 114.565
9 10 114.565
9 6 114.565
9 2 120.556
8 9 114.565
8 6 155
8 5 155
8 0 155
8 7 155
8 4 155
8 3 155
8 2 120.556
8 1 155
7 9 114.565
7 6 155
7 5 155
7 3 155
7 2 120.556
7 8 155
7 4 155
7 1 155
7 0 155
6 7 155
6 8 155
6 2 120.556
6 0 155
6 9 114.565
6 5 155
6 4 155
6 3 155
6 1 155
5 7 155
5 8 155
5 9 114.565
5 4 155
5 1 155
5 6 155
5 3 155
5 2 120.556
5 0 155
4 5 155
4 9 114.565
4 3 155
4 2 120.556
4 6 155
4 7 155
4 8 155
4 1 155
4 0 155
3 4 155
3 7 155
3 9 114.565
3 2 120.556
3 0 155
3 5 155
3 6 155
3 8 155
3 1 155
2 3 120.556
2 4 120.556
2 6 120.556
2 7 120.556
2 1 120.556
2 0 120.556
2 10 120.556
2 5 120.556
2 8 120.556
2 9 120.556
1 2 120.556
1 5 155
1 9 114.565
1 0 155
1 4 155
1 3 155
1 6 155
1 7 155
1 8 155
0 9 114.565
0 1 155
0 2 120.556
0 3 155
0 6 155
0 8 155
0 4 155
0 5 155
0 7 155
