@nodes
label table_size
10 55
9 55
8 55
7 55
6 55
5 55
4 55
3 55
2 55
1 55
0 55
@arcs
       bandwidth
10 2 97.3256
10 9 86.3987
9 8 112.727
9 7 110.543
9 5 108.613
9 4 110.038
9 3 104.308
9 1 107.73
9 0 112.727
9 10 86.3987
9 6 103.024
9 2 97.3256
8 9 112.727
8 6 103.024
8 5 108.613
8 0 112.727
8 7 110.543
8 4 110.038
8 3 104.308
8 2 97.3256
8 1 107.73
7 9 110.543
7 6 103.024
7 5 108.613
7 3 104.308
7 2 97.3256
7 8 110.543
7 4 110.038
7 1 107.73
7 0 112.727
6 7 103.024
6 8 103.024
6 2 97.3256
6 0 112.727
6 9 103.024
6 5 108.613
6 4 110.038
6 3 104.308
6 1 107.73
5 7 108.613
5 8 108.613
5 9 108.613
5 4 110.038
5 1 107.73
5 6 108.613
5 3 104.308
5 2 97.3256
5 0 112.727
4 5 110.038
4 9 110.038
4 3 104.308
4 2 97.3256
4 6 110.038
4 7 110.038
4 8 110.038
4 1 107.73
4 0 112.727
3 4 104.308
3 7 104.308
3 9 104.308
3 2 97.3256
3 0 112.727
3 5 104.308
3 6 104.308
3 8 104.308
3 1 107.73
2 3 97.3256
2 4 97.3256
2 6 97.3256
2 7 97.3256
2 1 107.73
2 0 112.727
2 10 97.3256
2 5 97.3256
2 8 97.3256
2 9 97.3256
1 2 107.73
1 5 107.73
1 9 107.73
1 0 112.727
1 4 107.73
1 3 107.73
1 6 107.73
1 7 107.73
1 8 107.73
0 9 112.727
0 1 112.727
0 2 112.727
0 3 112.727
0 6 112.727
0 8 112.727
0 4 112.727
0 5 112.727
0 7 112.727
