@nodes
label table_size
10 55
9 55
8 55
7 55
6 55
5 55
4 55
3 55
2 55
1 55
0 55
@arcs
       bandwidth
10 2 87.4824
10 9 82.3603
9 8 94.6185
9 7 94.3478
9 5 93.5849
9 4 96.2775
9 3 92.4561
9 1 93.8314
9 0 94.3478
9 10 82.3603
9 6 93
9 2 87.4824
8 9 94.6185
8 6 93
8 5 93.5849
8 0 94.3478
8 7 94.3478
8 4 96.2775
8 3 92.4561
8 2 87.4824
8 1 93.8314
7 9 94.3478
7 6 93
7 5 93.5849
7 3 92.4561
7 2 87.4824
7 8 94.3478
7 4 96.2775
7 1 93.8314
7 0 94.3478
6 7 93
6 8 93
6 2 87.4824
6 0 94.3478
6 9 93
6 5 93.5849
6 4 96.2775
6 3 92.4561
6 1 93.8314
5 7 93.5849
5 8 93.5849
5 9 93.5849
5 4 96.2775
5 1 93.8314
5 6 93.5849
5 3 92.4561
5 2 87.4824
5 0 94.3478
4 5 96.2775
4 9 96.2775
4 3 92.4561
4 2 87.4824
4 6 96.2775
4 7 96.2775
4 8 96.2775
4 1 93.8314
4 0 94.3478
3 4 92.4561
3 7 92.4561
3 9 92.4561
3 2 87.4824
3 0 94.3478
3 5 92.4561
3 6 92.4561
3 8 92.4561
3 1 93.8314
2 3 87.4824
2 4 87.4824
2 6 87.4824
2 7 87.4824
2 1 93.8314
2 0 94.3478
2 10 87.4824
2 5 87.4824
2 8 87.4824
2 9 87.4824
1 2 93.8314
1 5 93.8314
1 9 93.8314
1 0 94.3478
1 4 93.8314
1 3 93.8314
1 6 93.8314
1 7 93.8314
1 8 93.8314
0 9 94.3478
0 1 94.3478
0 2 94.3478
0 3 94.3478
0 6 94.3478
0 8 94.3478
0 4 94.3478
0 5 94.3478
0 7 94.3478
