@nodes
label table_size
27 189
26 189
25 189
24 189
23 189
22 189
21 189
20 189
19 189
18 189
17 189
16 189
15 189
14 189
13 189
12 189
11 189
10 189
9 189
8 189
7 189
6 189
5 189
4 189
3 189
2 189
1 189
0 189
@arcs
       bandwidth
27 23 20
27 14 20
27 16 20
26 24 20
26 21 20
26 3 20
25 22 20
25 7 20
25 4 18.7907
24 26 20
24 20 20
24 17 19.0431
23 27 20
23 19 18.7907
23 10 19.8953
22 25 20
22 18 20
21 26 20
21 16 20
21 1 20
20 24 20
20 7 20
20 4 18.7907
19 23 18.7907
19 14 18.7907
19 13 18.7907
19 6 18.7907
19 5 18.7907
18 22 20
18 8 20
17 24 19.0431
17 16 19.0431
17 10 19.8953
17 4 18.7907
16 27 20
16 21 20
16 17 19.0431
15 5 20
15 2 20
14 27 20
14 19 18.7907
14 2 20
13 19 18.7907
13 9 20
13 0 20
12 10 19.8953
12 4 18.7907
12 0 20
11 9 20
11 0 20
10 23 19.8953
10 17 19.8953
10 12 19.8953
10 6 19.8953
9 13 20
9 11 20
8 18 20
8 4 18.7907
7 25 20
7 20 20
7 3 20
6 19 18.7907
6 10 19.8953
6 0 20
5 19 18.7907
5 15 20
4 25 18.7907
4 20 18.7907
4 17 18.7907
4 12 18.7907
4 8 18.7907
3 26 20
3 7 20
3 1 20
2 15 20
2 14 20
1 21 20
1 3 20
0 13 20
0 12 20
0 11 20
0 6 20
