@nodes
label table_size
27 189
26 189
25 189
24 189
23 189
22 189
21 189
20 189
19 189
18 189
17 189
16 189
15 189
14 189
13 189
12 189
11 189
10 189
9 189
8 189
7 189
6 189
5 189
4 189
3 189
2 189
1 189
0 189
@arcs
       bandwidth
27 23 18.7907
27 14 18.7907
27 16 18.0426
26 24 20
26 21 20
26 3 20
25 22 20
25 7 20
25 4 16.7742
24 26 20
24 20 20
24 17 16.5854
23 27 18.7907
23 19 16.5398
23 10 16.8727
22 25 20
22 18 20
21 26 20
21 16 18.0426
21 1 20
20 24 20
20 7 20
20 4 16.7742
19 23 16.5398
19 14 16.5398
19 13 16.5398
19 6 16.5398
19 5 16.5398
18 22 20
18 8 20
17 24 16.5854
17 16 18.0426
17 10 16.8727
17 4 16.7742
16 27 18.0426
16 21 18.0426
16 17 18.0426
15 5 20
15 2 20
14 27 18.7907
14 19 16.5398
14 2 20
13 19 16.5398
13 9 20
13 0 20
12 10 16.8727
12 4 16.7742
12 0 20
11 9 20
11 0 20
10 23 16.8727
10 17 16.8727
10 12 16.8727
10 6 16.8727
9 13 20
9 11 20
8 18 20
8 4 16.7742
7 25 20
7 20 20
7 3 20
6 19 16.5398
6 10 16.8727
6 0 20
5 19 16.5398
5 15 20
4 25 16.7742
4 20 16.7742
4 17 16.7742
4 12 16.7742
4 8 16.7742
3 26 20
3 7 20
3 1 20
2 15 20
2 14 20
1 21 20
1 3 20
0 13 20
0 12 20
0 11 20
0 6 20
