@nodes
label table_size
27 189
26 189
25 189
24 189
23 189
22 189
21 189
20 189
19 189
18 189
17 189
16 189
15 189
14 189
13 189
12 189
11 189
10 189
9 189
8 189
7 189
6 189
5 189
4 189
3 189
2 189
1 189
0 189
@arcs
       bandwidth
27 23 17.9747
27 14 16
27 16 15.5752
26 24 20
26 21 20
26 3 20
25 22 20
25 7 20
25 4 14.2857
24 26 20
24 20 20
24 17 14.5763
23 27 17.9747
23 19 14.2664
23 10 14.3448
22 25 20
22 18 20
21 26 20
21 16 15.5752
21 1 20
20 24 20
20 7 20
20 4 14.2857
19 23 14.2664
19 14 14.2664
19 13 14.2664
19 6 14.2664
19 5 14.2664
18 22 20
18 8 20
17 24 14.5763
17 16 15.5752
17 10 14.3448
17 4 14.2857
16 27 15.5752
16 21 15.5752
16 17 15.5752
15 5 20
15 2 20
14 27 16
14 19 14.2664
14 2 20
13 19 14.2664
13 9 20
13 0 20
12 10 14.3448
12 4 14.2857
12 0 18.552
11 9 20
11 0 20
10 23 14.3448
10 17 14.3448
10 12 14.3448
10 6 14.3448
9 13 20
9 11 20
8 18 20
8 4 14.2857
7 25 20
7 20 20
7 3 20
6 19 14.2664
6 10 14.3448
6 0 20
5 19 14.2664
5 15 20
4 25 14.2857
4 20 14.2857
4 17 14.2857
4 12 14.2857
4 8 14.2857
3 26 20
3 7 20
3 1 20
2 15 20
2 14 20
1 21 20
1 3 20
0 13 20
0 12 18.552
0 11 20
0 6 20
