@nodes
label table_size
27 189
26 189
25 189
24 189
23 189
22 189
21 189
20 189
19 189
18 189
17 189
16 189
15 189
14 189
13 189
12 189
11 189
10 189
9 189
8 189
7 189
6 189
5 189
4 189
3 189
2 189
1 189
0 189
@arcs
       bandwidth
27 23 16.1564
27 14 17.4704
27 16 14.3052
26 24 18.0426
26 21 17.2973
26 3 19.5939
25 22 20
25 7 20
25 4 13.4935
24 26 18.0426
24 20 17.9747
24 17 13.5593
23 27 16.1564
23 19 13.2419
23 10 13.4552
22 25 20
22 18 20
21 26 17.2973
21 16 14.3052
21 1 17.2973
20 24 17.9747
20 7 17.9747
20 4 13.4935
19 23 13.2419
19 14 17.4704
19 13 13.2419
19 6 17.2414
19 5 13.2419
18 22 20
18 8 20
17 24 13.5593
17 16 14.3052
17 10 13.4552
17 4 13.4935
16 27 14.3052
16 21 14.3052
16 17 14.3052
15 5 20
15 2 20
14 27 17.4704
14 19 17.4704
14 2 17.4704
13 19 13.2419
13 9 20
13 0 17.4118
12 10 13.4552
12 4 13.4935
12 0 17.4118
11 9 20
11 0 17.4118
10 23 13.4552
10 17 13.4552
10 12 13.4552
10 6 17.2414
9 13 20
9 11 20
8 18 20
8 4 13.4935
7 25 20
7 20 17.9747
7 3 20
6 19 17.2414
6 10 17.2414
6 0 17.4118
5 19 13.2419
5 15 20
4 25 13.4935
4 20 13.4935
4 17 13.4935
4 12 13.4935
4 8 13.4935
3 26 19.5939
3 7 20
3 1 20
2 15 20
2 14 17.4704
1 21 17.2973
1 3 20
0 13 17.4118
0 12 17.4118
0 11 17.4118
0 6 17.4118
