@nodes
label table_size
0 189
1 189
2 189
3 189
4 189
5 189
6 189
7 189
8 189
9 189
10 189
11 189
12 189
13 189
14 189
15 189
16 189
17 189
18 189
19 189
20 189
21 189
22 189
23 189
24 189
25 189
26 189
27 189
@arcs
    bandwidth
0 6 20.0
6 0 20.0
0 11 20.0
11 0 20.0
0 12 20.0
12 0 20.0
0 13 20.0
13 0 20.0
1 3 20.0
3 1 20.0
1 21 20.0
21 1 20.0
2 14 20.0
14 2 20.0
2 15 20.0
15 2 20.0
3 7 20.0
7 3 20.0
3 26 20.0
26 3 20.0
4 8 20.0
8 4 20.0
4 12 20.0
12 4 20.0
4 17 20.0
17 4 20.0
4 20 20.0
20 4 20.0
4 25 20.0
25 4 20.0
5 15 20.0
15 5 20.0
5 19 20.0
19 5 20.0
6 10 20.0
10 6 20.0
6 19 20.0
19 6 20.0
7 20 20.0
20 7 20.0
7 25 20.0
25 7 20.0
8 18 20.0
18 8 20.0
9 11 20.0
11 9 20.0
9 13 20.0
13 9 20.0
10 12 20.0
12 10 20.0
10 17 20.0
17 10 20.0
10 23 20.0
23 10 20.0
13 19 20.0
19 13 20.0
14 19 20.0
19 14 20.0
16 17 20.0
17 16 20.0
16 21 20.0
21 16 20.0
16 27 20.0
27 16 20.0
17 24 20.0
24 17 20.0
18 22 20.0
22 18 20.0
19 23 20.0
23 19 20.0
20 24 20.0
24 20 20.0
21 26 20.0
26 21 20.0
22 25 20.0
25 22 20.0
27 14 20.0
14 27 20.0
23 27 20.0
27 23 20.0
24 26 20.0
26 24 20.0
