@nodes
label table_size
10 8
9 8
8 8
7 8
6 8
5 8
4 8
3 8
2 8
1 8
0 8
@arcs
       bandwidth
10 8 0.853952
10 5 0.853952
10 2 0.841022
10 3 0.841987
10 7 0.835513
10 6 0.840109
10 1 0.849151
10 0 0.838422
9 5 0.853952
9 2 0.841022
9 1 0.849151
9 0 0.838422
9 6 0.840109
9 3 0.841987
9 7 0.835513
9 8 0.853952
8 10 0.853952
8 6 0.840109
8 9 0.853952
8 4 0.841987
8 2 0.841022
8 3 0.841987
8 0 0.838422
7 0 0.838422
7 10 0.835513
7 9 0.835513
7 4 0.841987
7 2 0.841022
7 5 0.853952
7 3 0.841987
7 1 0.849151
7 6 0.840109
6 4 0.841987
6 8 0.840109
6 9 0.840109
6 3 0.841987
6 10 0.840109
6 0 0.838422
6 7 0.840109
5 3 0.841987
5 10 0.853952
5 9 0.853952
5 4 0.841987
5 2 0.841022
5 7 0.853952
5 1 0.849151
4 6 0.841987
4 3 0.841987
4 2 0.841022
4 8 0.841987
4 7 0.841987
4 5 0.841987
4 1 0.849151
3 5 0.841987
3 4 0.841987
3 6 0.841987
3 10 0.841987
3 9 0.841987
3 8 0.841987
3 7 0.841987
3 1 0.849151
2 4 0.841022
2 10 0.841022
2 9 0.841022
2 8 0.841022
2 7 0.841022
2 5 0.841022
2 1 0.849151
2 0 0.838422
1 0 0.838422
1 9 0.849151
1 10 0.849151
1 7 0.849151
1 5 0.849151
1 4 0.849151
1 3 0.849151
1 2 0.849151
0 7 0.838422
0 1 0.838422
0 9 0.838422
0 10 0.838422
0 8 0.838422
0 6 0.838422
0 2 0.838422
