@nodes
label table_size
0 150
1 150
2 150
3 150
4 150
5 150
6 150
7 150
8 150
9 150
10 150
11 150
12 150
13 150
14 150
15 150
16 150
17 150
18 150
19 150
20 150
21 150
22 150
23 150
24 150
@arcs
    bandwidth
0 1 2500.0
1 0 2500.0
2 6 2500.0
6 2 2500.0
2 8 2500.0
8 2 2500.0
2 9 2500.0
9 2 2500.0
4 3 2500.0
3 4 2500.0
5 3 2500.0
3 5 2500.0
5 4 2500.0
4 5 2500.0
5 6 2500.0
6 5 2500.0
5 7 2500.0
7 5 2500.0
7 6 2500.0
6 7 2500.0
7 8 2500.0
8 7 2500.0
9 11 2500.0
11 9 2500.0
10 9 2500.0
9 10 2500.0
10 11 2500.0
11 10 2500.0
12 13 2500.0
13 12 2500.0
14 8 2500.0
8 14 2500.0
14 10 2500.0
10 14 2500.0
14 12 2500.0
12 14 2500.0
14 13 2500.0
13 14 2500.0
14 15 2500.0
15 14 2500.0
14 17 2500.0
17 14 2500.0
14 19 2500.0
19 14 2500.0
14 20 2500.0
20 14 2500.0
14 21 2500.0
21 14 2500.0
14 24 2500.0
24 14 2500.0
15 8 2500.0
8 15 2500.0
15 9 2500.0
9 15 2500.0
15 10 2500.0
10 15 2500.0
15 11 2500.0
11 15 2500.0
16 9 2500.0
9 16 2500.0
16 15 2500.0
15 16 2500.0
17 18 2500.0
18 17 2500.0
19 18 2500.0
18 19 2500.0
19 20 2500.0
20 19 2500.0
19 23 2500.0
23 19 2500.0
21 8 2500.0
8 21 2500.0
21 19 2500.0
19 21 2500.0
21 22 2500.0
22 21 2500.0
21 23 2500.0
23 21 2500.0
23 22 2500.0
22 23 2500.0
24 0 2500.0
0 24 2500.0
24 1 2500.0
1 24 2500.0
24 2 2500.0
2 24 2500.0
24 3 2500.0
3 24 2500.0
24 8 2500.0
8 24 2500.0
