@nodes
label table_size
24 150
23 150
22 150
21 150
20 150
19 150
18 150
17 150
16 150
15 150
14 150
13 150
12 150
11 150
10 150
9 150
8 150
7 150
6 150
5 150
4 150
3 150
2 150
1 150
0 150
@arcs
       bandwidth
24 8 1910.21
24 3 1944.44
24 2 2467.53
24 1 1944.44
24 0 1944.44
24 14 1503.38
23 22 2500
23 21 2126.17
23 19 1847.13
22 23 2500
22 21 2126.17
21 23 2126.17
21 22 2126.17
21 19 1847.13
21 8 1910.21
21 14 1503.38
20 19 1847.13
20 14 1503.38
19 21 1847.13
19 23 1847.13
19 20 1847.13
19 18 1847.13
19 14 1503.38
18 19 1847.13
18 17 2500
17 18 2500
17 14 1503.38
16 15 2436.71
16 9 2500
15 16 2436.71
15 11 2436.71
15 10 2436.71
15 9 2436.71
15 8 1910.21
15 14 1503.38
14 24 1503.38
14 21 1503.38
14 20 1503.38
14 19 1503.38
14 17 1503.38
14 15 1503.38
14 13 1503.38
14 12 1503.38
14 10 1503.38
14 8 1910.21
13 14 1503.38
13 12 2500
12 14 1503.38
12 13 2500
11 15 2436.71
11 10 2500
11 9 2500
10 15 2436.71
10 14 1503.38
10 11 2500
10 9 2500
9 16 2500
9 15 2436.71
9 10 2500
9 11 2500
9 2 2467.53
8 24 1910.21
8 21 1910.21
8 15 1910.21
8 14 1910.21
8 7 1910.21
8 2 2467.53
7 8 1910.21
7 6 2500
7 5 2500
6 7 2500
6 5 2500
6 2 2467.53
5 7 2500
5 6 2500
5 4 2500
5 3 2500
4 5 2500
4 3 2500
3 24 1944.44
3 5 2500
3 4 2500
2 24 2467.53
2 9 2467.53
2 8 2467.53
2 6 2467.53
1 24 1944.44
1 0 2500
0 24 1944.44
0 1 2500
