@nodes
label table_size
24 150
23 150
22 150
21 150
20 150
19 150
18 150
17 150
16 150
15 150
14 150
13 150
12 150
11 150
10 150
9 150
8 150
7 150
6 150
5 150
4 150
3 150
2 150
1 150
0 150
@arcs
       bandwidth
24 8 2142.86
24 3 2178.22
24 2 2178.22
24 1 2178.22
24 0 2178.22
24 14 1581.27
23 22 2500
23 21 2421.88
23 19 2151.44
22 23 2500
22 21 2421.88
21 23 2421.88
21 22 2421.88
21 19 2151.44
21 8 2142.86
21 14 1581.27
20 19 2151.44
20 14 1581.27
19 21 2151.44
19 23 2151.44
19 20 2151.44
19 18 2151.44
19 14 1581.27
18 19 2151.44
18 17 2500
17 18 2500
17 14 1581.27
16 15 2500
16 9 2500
15 16 2500
15 11 2500
15 10 2500
15 9 2500
15 8 2142.86
15 14 1581.27
14 24 1581.27
14 21 1581.27
14 20 1581.27
14 19 1581.27
14 17 1581.27
14 15 1581.27
14 13 1581.27
14 12 1581.27
14 10 1581.27
14 8 2142.86
13 14 1581.27
13 12 2500
12 14 1581.27
12 13 2500
11 15 2500
11 10 2500
11 9 2500
10 15 2500
10 14 1581.27
10 11 2500
10 9 2500
9 16 2500
9 15 2500
9 10 2500
9 11 2500
9 2 2500
8 24 2142.86
8 21 2142.86
8 15 2142.86
8 14 2142.86
8 7 2142.86
8 2 2142.86
7 8 2142.86
7 6 2500
7 5 2500
6 7 2500
6 5 2500
6 2 2500
5 7 2500
5 6 2500
5 4 2500
5 3 2500
4 5 2500
4 3 2500
3 24 2178.22
3 5 2500
3 4 2500
2 24 2178.22
2 9 2500
2 8 2142.86
2 6 2500
1 24 2178.22
1 0 2500
0 24 2178.22
0 1 2500
