@nodes
label table_size
0 666
1 666
2 666
3 666
4 666
5 666
6 666
7 666
8 666
9 666
10 666
11 666
12 666
13 666
14 666
15 666
16 666
17 666
18 666
19 666
20 666
21 666
22 666
23 666
24 666
25 666
26 666
27 666
28 666
29 666
30 666
31 666
32 666
33 666
34 666
35 666
36 666
@arcs
    bandwidth
0 7 7560.0
7 0 7560.0
0 13 7560.0
13 0 7560.0
0 14 7560.0
14 0 7560.0
0 18 7560.0
18 0 7560.0
1 25 7560.0
25 1 7560.0
1 30 7560.0
30 1 7560.0
1 35 7560.0
35 1 7560.0
2 20 7560.0
20 2 7560.0
2 21 7560.0
21 2 7560.0
2 29 7560.0
29 2 7560.0
3 8 7560.0
8 3 7560.0
3 30 7560.0
30 3 7560.0
3 35 7560.0
35 3 7560.0
4 9 7560.0
9 4 7560.0
4 14 7560.0
14 4 7560.0
4 23 7560.0
23 4 7560.0
4 27 7560.0
27 4 7560.0
4 34 7560.0
34 4 7560.0
5 13 7560.0
13 5 7560.0
5 18 7560.0
18 5 7560.0
6 20 7560.0
20 6 7560.0
6 21 7560.0
21 6 7560.0
6 26 7560.0
26 6 7560.0
7 11 7560.0
11 7 7560.0
7 26 7560.0
26 7 7560.0
8 16 7560.0
16 8 7560.0
8 27 7560.0
27 8 7560.0
9 24 7560.0
24 9 7560.0
9 31 7560.0
31 9 7560.0
10 13 7560.0
13 10 7560.0
10 18 7560.0
18 10 7560.0
11 12 7560.0
12 11 7560.0
12 14 7560.0
14 12 7560.0
12 23 7560.0
23 12 7560.0
12 32 7560.0
32 12 7560.0
15 24 7560.0
24 15 7560.0
15 31 7560.0
31 15 7560.0
15 34 7560.0
34 15 7560.0
16 34 7560.0
34 16 7560.0
17 18 7560.0
18 17 7560.0
17 20 7560.0
20 17 7560.0
17 29 7560.0
29 17 7560.0
18 26 7560.0
26 18 7560.0
19 21 7560.0
21 19 7560.0
19 26 7560.0
26 19 7560.0
19 36 7560.0
36 19 7560.0
21 28 7560.0
28 21 7560.0
22 23 7560.0
23 22 7560.0
22 28 7560.0
28 22 7560.0
22 36 7560.0
36 22 7560.0
23 33 7560.0
33 23 7560.0
25 28 7560.0
28 25 7560.0
26 32 7560.0
32 26 7560.0
27 33 7560.0
33 27 7560.0
28 35 7560.0
35 28 7560.0
32 36 7560.0
36 32 7560.0
33 35 7560.0
35 33 7560.0
