@nodes
label table_size
36 666
35 666
34 666
33 666
32 666
31 666
30 666
29 666
28 666
27 666
26 666
25 666
24 666
23 666
22 666
21 666
20 666
19 666
18 666
17 666
16 666
15 666
14 666
13 666
12 666
11 666
10 666
9 666
8 666
7 666
6 666
5 666
4 666
3 666
2 666
1 666
0 666
@arcs
       bandwidth
36 32 7560
36 22 7560
36 19 7560
35 33 7560
35 28 7397.07
35 3 7560
35 1 7560
34 16 7560
34 15 7560
34 4 6813.11
33 35 7560
33 27 7560
33 23 7560
32 36 7560
32 26 7560
32 12 7560
31 15 7560
31 9 7560
30 3 7560
30 1 7560
29 17 7560
29 2 7560
28 35 7397.07
28 25 7397.07
28 22 7397.07
28 21 7397.07
27 33 7560
27 8 7560
27 4 6813.11
26 32 7560
26 19 7560
26 18 7560
26 7 7560
26 6 7560
25 28 7397.07
25 1 7560
24 15 7560
24 9 7560
23 33 7560
23 22 7560
23 12 7560
23 4 6813.11
22 36 7560
22 28 7397.07
22 23 7560
21 28 7397.07
21 19 7560
21 6 7560
21 2 7560
20 17 7560
20 6 7560
20 2 7560
19 36 7560
19 26 7560
19 21 7560
18 26 7560
18 17 7560
18 10 7560
18 5 7560
18 0 7560
17 29 7560
17 20 7560
17 18 7560
16 34 7560
16 8 7560
15 34 7560
15 31 7560
15 24 7560
14 12 7560
14 4 6813.11
14 0 7560
13 10 7560
13 5 7560
13 0 7560
12 32 7560
12 23 7560
12 14 7560
12 11 7560
11 12 7560
11 7 7560
10 18 7560
10 13 7560
9 31 7560
9 24 7560
9 4 6813.11
8 27 7560
8 16 7560
8 3 7560
7 26 7560
7 11 7560
7 0 7560
6 26 7560
6 21 7560
6 20 7560
5 18 7560
5 13 7560
4 34 6813.11
4 27 6813.11
4 23 6813.11
4 14 6813.11
4 9 6813.11
3 35 7560
3 30 7560
3 8 7560
2 29 7560
2 21 7560
2 20 7560
1 35 7560
1 30 7560
1 25 7560
0 18 7560
0 14 7560
0 13 7560
0 7 7560
