@nodes
label table_size
0 91
1 91
2 91
3 91
4 91
5 91
6 91
7 91
8 91
9 91
10 91
11 91
12 91
13 91
@arcs
    bandwidth
0 1 20.0
1 0 20.0
0 12 20.0
12 0 20.0
0 13 20.0
13 0 20.0
1 11 20.0
11 1 20.0
1 13 20.0
13 1 20.0
2 7 20.0
7 2 20.0
2 11 20.0
11 2 20.0
2 12 20.0
12 2 20.0
3 8 20.0
8 3 20.0
3 9 20.0
9 3 20.0
3 11 20.0
11 3 20.0
4 10 20.0
10 4 20.0
4 11 20.0
11 4 20.0
5 7 20.0
7 5 20.0
5 10 20.0
10 5 20.0
5 13 20.0
13 5 20.0
6 8 20.0
8 6 20.0
6 9 20.0
9 6 20.0
6 12 20.0
12 6 20.0
8 10 20.0
10 8 20.0
9 10 20.0
10 9 20.0
