@nodes
label table_size
0 1471
1 1471
2 1471
3 1471
4 1471
5 1471
6 1471
7 1471
8 1471
9 1471
10 1471
11 1471
12 1471
13 1471
14 1471
15 1471
16 1471
17 1471
18 1471
19 1471
20 1471
21 1471
22 1471
23 1471
24 1471
25 1471
26 1471
27 1471
28 1471
29 1471
30 1471
31 1471
32 1471
33 1471
34 1471
35 1471
36 1471
37 1471
38 1471
@arcs
    bandwidth
0 1 160.0
1 0 160.0
1 0 160.0
0 1 160.0
0 2 160.0
2 0 160.0
2 0 160.0
0 2 160.0
0 3 160.0
3 0 160.0
3 0 160.0
0 3 160.0
0 4 160.0
4 0 160.0
4 0 160.0
0 4 160.0
0 6 160.0
6 0 160.0
6 0 160.0
0 6 160.0
1 2 160.0
2 1 160.0
2 1 160.0
1 2 160.0
1 7 160.0
7 1 160.0
7 1 160.0
1 7 160.0
2 3 160.0
3 2 160.0
3 2 160.0
2 3 160.0
2 6 160.0
6 2 160.0
6 2 160.0
2 6 160.0
3 4 160.0
4 3 160.0
4 3 160.0
3 4 160.0
3 6 160.0
6 3 160.0
6 3 160.0
3 6 160.0
3 9 160.0
9 3 160.0
9 3 160.0
3 9 160.0
4 5 160.0
5 4 160.0
5 4 160.0
4 5 160.0
4 8 160.0
8 4 160.0
8 4 160.0
4 8 160.0
5 8 160.0
8 5 160.0
8 5 160.0
5 8 160.0
5 17 160.0
17 5 160.0
17 5 160.0
5 17 160.0
6 9 160.0
9 6 160.0
9 6 160.0
6 9 160.0
6 10 160.0
10 6 160.0
10 6 160.0
6 10 160.0
7 11 160.0
11 7 160.0
11 7 160.0
7 11 160.0
7 24 160.0
24 7 160.0
24 7 160.0
7 24 160.0
8 9 160.0
9 8 160.0
9 8 160.0
8 9 160.0
8 12 160.0
12 8 160.0
12 8 160.0
8 12 160.0
8 13 160.0
13 8 160.0
13 8 160.0
8 13 160.0
8 14 160.0
14 8 160.0
14 8 160.0
8 14 160.0
9 10 160.0
10 9 160.0
10 9 160.0
9 10 160.0
9 14 160.0
14 9 160.0
14 9 160.0
9 14 160.0
9 23 160.0
23 9 160.0
23 9 160.0
9 23 160.0
10 11 160.0
11 10 160.0
11 10 160.0
10 11 160.0
10 16 160.0
16 10 160.0
16 10 160.0
10 16 160.0
11 24 160.0
24 11 160.0
24 11 160.0
11 24 160.0
12 13 160.0
13 12 160.0
13 12 160.0
12 13 160.0
12 17 160.0
17 12 160.0
17 12 160.0
12 17 160.0
12 18 160.0
18 12 160.0
18 12 160.0
12 18 160.0
13 14 160.0
14 13 160.0
14 13 160.0
13 14 160.0
13 19 160.0
19 13 160.0
19 13 160.0
13 19 160.0
13 25 160.0
25 13 160.0
25 13 160.0
13 25 160.0
14 15 160.0
15 14 160.0
15 14 160.0
14 15 160.0
15 16 160.0
16 15 160.0
16 15 160.0
15 16 160.0
15 19 160.0
19 15 160.0
19 15 160.0
15 19 160.0
15 22 160.0
22 15 160.0
22 15 160.0
15 22 160.0
15 23 160.0
23 15 160.0
23 15 160.0
15 23 160.0
16 23 160.0
23 16 160.0
23 16 160.0
16 23 160.0
16 24 160.0
24 16 160.0
24 16 160.0
16 24 160.0
16 30 160.0
30 16 160.0
30 16 160.0
16 30 160.0
17 18 160.0
18 17 160.0
18 17 160.0
17 18 160.0
17 20 160.0
20 17 160.0
20 17 160.0
17 20 160.0
17 35 160.0
35 17 160.0
35 17 160.0
17 35 160.0
18 21 160.0
21 18 160.0
21 18 160.0
18 21 160.0
18 25 160.0
25 18 160.0
25 18 160.0
18 25 160.0
19 22 160.0
22 19 160.0
22 19 160.0
19 22 160.0
19 25 160.0
25 19 160.0
25 19 160.0
19 25 160.0
20 21 160.0
21 20 160.0
21 20 160.0
20 21 160.0
20 35 160.0
35 20 160.0
35 20 160.0
20 35 160.0
21 26 160.0
26 21 160.0
26 21 160.0
21 26 160.0
22 23 160.0
23 22 160.0
23 22 160.0
22 23 160.0
22 25 160.0
25 22 160.0
25 22 160.0
22 25 160.0
22 27 160.0
27 22 160.0
27 22 160.0
22 27 160.0
22 33 160.0
33 22 160.0
33 22 160.0
22 33 160.0
23 27 160.0
27 23 160.0
27 23 160.0
23 27 160.0
23 28 160.0
28 23 160.0
28 23 160.0
23 28 160.0
24 30 160.0
30 24 160.0
30 24 160.0
24 30 160.0
25 26 160.0
26 25 160.0
26 25 160.0
25 26 160.0
25 29 160.0
29 25 160.0
29 25 160.0
25 29 160.0
25 33 160.0
33 25 160.0
33 25 160.0
25 33 160.0
26 34 160.0
34 26 160.0
34 26 160.0
26 34 160.0
27 29 160.0
29 27 160.0
29 27 160.0
27 29 160.0
27 30 160.0
30 27 160.0
30 27 160.0
27 30 160.0
27 31 160.0
31 27 160.0
31 27 160.0
27 31 160.0
27 33 160.0
33 27 160.0
33 27 160.0
27 33 160.0
28 29 160.0
29 28 160.0
29 28 160.0
28 29 160.0
28 30 160.0
30 28 160.0
30 28 160.0
28 30 160.0
29 30 160.0
30 29 160.0
30 29 160.0
29 30 160.0
30 32 160.0
32 30 160.0
32 30 160.0
30 32 160.0
30 38 160.0
38 30 160.0
38 30 160.0
30 38 160.0
31 33 160.0
33 31 160.0
33 31 160.0
31 33 160.0
31 36 160.0
36 31 160.0
36 31 160.0
31 36 160.0
32 33 160.0
33 32 160.0
33 32 160.0
32 33 160.0
32 36 160.0
36 32 160.0
36 32 160.0
32 36 160.0
32 38 160.0
38 32 160.0
38 32 160.0
32 38 160.0
33 34 160.0
34 33 160.0
34 33 160.0
33 34 160.0
33 36 160.0
36 33 160.0
36 33 160.0
33 36 160.0
33 37 160.0
37 33 160.0
37 33 160.0
33 37 160.0
34 35 160.0
35 34 160.0
35 34 160.0
34 35 160.0
35 37 160.0
37 35 160.0
37 35 160.0
35 37 160.0
36 37 160.0
37 36 160.0
37 36 160.0
36 37 160.0
36 38 160.0
38 36 160.0
38 36 160.0
36 38 160.0
