@nodes
label table_size
10 11
9 11
8 11
7 11
6 11
5 11
4 11
3 11
2 11
1 11
0 11
@arcs
       bandwidth
10 8 0.703704
10 5 0.72
10 2 0.677419
10 3 0.666667
10 7 0.641026
10 6 0.641026
10 1 0.73913
10 0 0.634146
9 5 0.72
9 2 0.677419
9 1 0.73913
9 0 0.634146
9 6 0.641026
9 3 0.666667
9 7 0.641026
9 8 0.703704
8 10 0.703704
8 6 0.641026
8 9 0.703704
8 4 0.666667
8 2 0.677419
8 3 0.666667
8 0 0.634146
7 0 0.634146
7 10 0.641026
7 9 0.641026
7 4 0.666667
7 2 0.677419
7 5 0.72
7 3 0.666667
7 1 0.73913
7 6 0.641026
6 4 0.666667
6 8 0.641026
6 9 0.641026
6 3 0.666667
6 10 0.641026
6 0 0.634146
6 7 0.641026
5 3 0.666667
5 10 0.72
5 9 0.72
5 4 0.666667
5 2 0.677419
5 7 0.72
5 1 0.73913
4 6 0.666667
4 3 0.666667
4 2 0.677419
4 8 0.666667
4 7 0.666667
4 5 0.666667
4 1 0.73913
3 5 0.666667
3 4 0.666667
3 6 0.666667
3 10 0.666667
3 9 0.666667
3 8 0.666667
3 7 0.666667
3 1 0.73913
2 4 0.677419
2 10 0.677419
2 9 0.677419
2 8 0.677419
2 7 0.677419
2 5 0.677419
2 1 0.73913
2 0 0.634146
1 0 0.634146
1 9 0.73913
1 10 0.73913
1 7 0.73913
1 5 0.73913
1 4 0.73913
1 3 0.73913
1 2 0.73913
0 7 0.634146
0 1 0.634146
0 9 0.634146
0 10 0.634146
0 8 0.634146
0 6 0.634146
0 2 0.634146
