@nodes
label table_size
10 11
9 11
8 11
7 11
6 11
5 11
4 11
3 11
2 11
1 11
0 11
@arcs
       bandwidth
10 8 0.607843
10 5 0.603774
10 2 0.564706
10 3 0.56962
10 7 0.557895
10 6 0.56962
10 1 0.571429
10 0 0.554455
9 5 0.603774
9 2 0.564706
9 1 0.571429
9 0 0.554455
9 6 0.56962
9 3 0.56962
9 7 0.557895
9 8 0.607843
8 10 0.607843
8 6 0.56962
8 9 0.607843
8 4 0.566265
8 2 0.564706
8 3 0.56962
8 0 0.554455
7 0 0.554455
7 10 0.557895
7 9 0.557895
7 4 0.566265
7 2 0.564706
7 5 0.603774
7 3 0.56962
7 1 0.571429
7 6 0.56962
6 4 0.566265
6 8 0.56962
6 9 0.56962
6 3 0.56962
6 10 0.56962
6 0 0.554455
6 7 0.56962
5 3 0.56962
5 10 0.603774
5 9 0.603774
5 4 0.566265
5 2 0.564706
5 7 0.603774
5 1 0.571429
4 6 0.566265
4 3 0.56962
4 2 0.564706
4 8 0.566265
4 7 0.566265
4 5 0.566265
4 1 0.571429
3 5 0.56962
3 4 0.56962
3 6 0.56962
3 10 0.56962
3 9 0.56962
3 8 0.56962
3 7 0.56962
3 1 0.571429
2 4 0.564706
2 10 0.564706
2 9 0.564706
2 8 0.564706
2 7 0.564706
2 5 0.564706
2 1 0.571429
2 0 0.554455
1 0 0.554455
1 9 0.571429
1 10 0.571429
1 7 0.571429
1 5 0.571429
1 4 0.571429
1 3 0.571429
1 2 0.571429
0 7 0.554455
0 1 0.554455
0 9 0.554455
0 10 0.554455
0 8 0.554455
0 6 0.554455
0 2 0.554455
