@nodes
label table_size
10 11
9 11
8 11
7 11
6 11
5 11
4 11
3 11
2 11
1 11
0 11
@arcs
       bandwidth
10 8 0.689655
10 5 0.703704
10 2 0.622222
10 3 0.641026
10 7 0.657143
10 6 0.627907
10 1 0.72
10 0 0.607843
9 5 0.703704
9 2 0.622222
9 1 0.72
9 0 0.607843
9 6 0.627907
9 3 0.641026
9 7 0.657143
9 8 0.689655
8 10 0.689655
8 6 0.627907
8 9 0.689655
8 4 0.72
8 2 0.622222
8 3 0.641026
8 0 0.607843
7 0 0.607843
7 10 0.657143
7 9 0.657143
7 4 0.72
7 2 0.622222
7 5 0.703704
7 3 0.641026
7 1 0.72
7 6 0.627907
6 4 0.72
6 8 0.627907
6 9 0.627907
6 3 0.641026
6 10 0.627907
6 0 0.607843
6 7 0.627907
5 3 0.641026
5 10 0.703704
5 9 0.703704
5 4 0.72
5 2 0.622222
5 7 0.703704
5 1 0.72
4 6 0.72
4 3 0.641026
4 2 0.622222
4 8 0.72
4 7 0.72
4 5 0.72
4 1 0.72
3 5 0.641026
3 4 0.641026
3 6 0.641026
3 10 0.641026
3 9 0.641026
3 8 0.641026
3 7 0.641026
3 1 0.72
2 4 0.622222
2 10 0.622222
2 9 0.622222
2 8 0.622222
2 7 0.622222
2 5 0.622222
2 1 0.72
2 0 0.607843
1 0 0.607843
1 9 0.72
1 10 0.72
1 7 0.72
1 5 0.72
1 4 0.72
1 3 0.72
1 2 0.72
0 7 0.607843
0 1 0.607843
0 9 0.607843
0 10 0.607843
0 8 0.607843
0 6 0.607843
0 2 0.607843
