@nodes
label table_size
25 325
24 325
23 325
22 325
21 325
20 325
19 325
18 325
17 325
16 325
15 325
14 325
13 325
12 325
11 325
10 325
9 325
8 325
7 325
6 325
5 325
4 325
3 325
2 325
1 325
0 325
@arcs
       bandwidth
25 20 33.1642
25 18 33.147
25 17 32.5182
25 20 33.1642
25 18 33.147
25 17 32.5182
24 23 33.0414
24 21 33.139
24 23 33.0414
24 21 33.139
23 24 33.0414
23 24 33.0414
23 21 33.139
23 20 33.1642
23 16 33.0485
23 21 33.139
23 20 33.1642
23 16 33.0485
22 19 32.7728
22 18 33.147
22 19 32.7728
22 18 33.147
21 24 33.139
21 23 33.139
21 24 33.139
21 23 33.139
21 7 32.7926
21 7 32.7926
20 25 33.1642
20 23 33.1642
20 25 33.1642
20 23 33.1642
20 16 33.0485
20 16 33.0485
19 22 32.7728
19 22 32.7728
19 18 33.147
19 17 32.5182
19 18 33.147
19 17 32.5182
18 25 33.147
18 22 33.147
18 19 33.147
18 25 33.147
18 22 33.147
18 19 33.147
17 25 32.5182
17 19 32.5182
17 25 32.5182
17 19 32.5182
17 14 32.8695
17 13 32.6818
17 14 32.8695
17 13 32.6818
16 23 33.0485
16 20 33.0485
16 23 33.0485
16 20 33.0485
16 13 32.6818
16 6 32.5146
16 13 32.6818
16 6 32.5146
15 13 32.6818
15 12 32.6653
15 10 32.636
15 8 32.8234
15 13 32.6818
15 12 32.6653
15 10 32.636
15 8 32.8234
14 17 32.8695
14 17 32.8695
14 12 32.6653
14 12 32.6653
13 17 32.6818
13 16 32.6818
13 15 32.6818
13 17 32.6818
13 16 32.6818
13 15 32.6818
13 12 32.6653
13 12 32.6653
12 15 32.6653
12 14 32.6653
12 13 32.6653
12 15 32.6653
12 14 32.6653
12 13 32.6653
12 9 33.1237
12 9 33.1237
11 10 32.636
11 6 32.5146
11 4 32.7344
11 10 32.636
11 6 32.5146
11 4 32.7344
10 15 32.636
10 11 32.636
10 15 32.636
10 11 32.636
10 9 33.1237
10 8 32.8234
10 9 33.1237
10 8 32.8234
9 12 33.1237
9 10 33.1237
9 12 33.1237
9 10 33.1237
8 15 32.8234
8 10 32.8234
8 15 32.8234
8 10 32.8234
8 6 32.5146
8 6 32.5146
7 21 32.7926
7 21 32.7926
7 6 32.5146
7 5 32.5298
7 6 32.5146
7 5 32.5298
6 16 32.5146
6 11 32.5146
6 8 32.5146
6 7 32.5146
6 16 32.5146
6 11 32.5146
6 8 32.5146
6 7 32.5146
6 5 32.5298
6 5 32.5298
5 7 32.5298
5 6 32.5298
5 7 32.5298
5 6 32.5298
5 3 32.9106
5 1 33.2985
5 3 32.9106
5 1 33.2985
4 11 32.7344
4 11 32.7344
4 3 32.9106
4 2 33.6579
4 0 33.6991
4 3 32.9106
4 2 33.6579
4 0 33.6991
3 5 32.9106
3 4 32.9106
3 5 32.9106
3 4 32.9106
3 1 33.2985
3 1 33.2985
2 4 33.6579
2 4 33.6579
2 1 33.2985
2 0 33.6991
2 1 33.2985
2 0 33.6991
1 5 33.2985
1 3 33.2985
1 2 33.2985
1 5 33.2985
1 3 33.2985
1 2 33.2985
0 4 33.6991
0 2 33.6991
0 4 33.6991
0 2 33.6991
