@nodes
label table_size
25 325
24 325
23 325
22 325
21 325
20 325
19 325
18 325
17 325
16 325
15 325
14 325
13 325
12 325
11 325
10 325
9 325
8 325
7 325
6 325
5 325
4 325
3 325
2 325
1 325
0 325
@arcs
       bandwidth
25 20 41.6744
25 18 49.2471
25 17 37.6369
25 20 41.6744
25 18 49.2471
25 17 37.6369
24 23 40.3267
24 21 41.0199
24 23 40.3267
24 21 41.0199
23 24 40.3267
23 24 40.3267
23 21 41.0199
23 20 41.6744
23 16 37.9057
23 21 41.0199
23 20 41.6744
23 16 37.9057
22 19 41.8206
22 18 49.2471
22 19 41.8206
22 18 49.2471
21 24 41.0199
21 23 41.0199
21 24 41.0199
21 23 41.0199
21 7 39.7094
21 7 39.7094
20 25 41.6744
20 23 41.6744
20 25 41.6744
20 23 41.6744
20 16 37.9057
20 16 37.9057
19 22 41.8206
19 22 41.8206
19 18 49.2471
19 17 37.6369
19 18 49.2471
19 17 37.6369
18 25 49.2471
18 22 49.2471
18 19 49.2471
18 25 49.2471
18 22 49.2471
18 19 49.2471
17 25 37.6369
17 19 37.6369
17 25 37.6369
17 19 37.6369
17 14 43.7249
17 13 37.2819
17 14 43.7249
17 13 37.2819
16 23 37.9057
16 20 37.9057
16 23 37.9057
16 20 37.9057
16 13 37.2819
16 6 37.0906
16 13 37.2819
16 6 37.0906
15 13 37.2819
15 12 39.4874
15 10 38.5698
15 8 42.4523
15 13 37.2819
15 12 39.4874
15 10 38.5698
15 8 42.4523
14 17 43.7249
14 17 43.7249
14 12 39.4874
14 12 39.4874
13 17 37.2819
13 16 37.2819
13 15 37.2819
13 17 37.2819
13 16 37.2819
13 15 37.2819
13 12 39.4874
13 12 39.4874
12 15 39.4874
12 14 39.4874
12 13 39.4874
12 15 39.4874
12 14 39.4874
12 13 39.4874
12 9 44.4551
12 9 44.4551
11 10 38.5698
11 6 37.0906
11 4 39.1873
11 10 38.5698
11 6 37.0906
11 4 39.1873
10 15 38.5698
10 11 38.5698
10 15 38.5698
10 11 38.5698
10 9 44.4551
10 8 42.4523
10 9 44.4551
10 8 42.4523
9 12 44.4551
9 10 44.4551
9 12 44.4551
9 10 44.4551
8 15 42.4523
8 10 42.4523
8 15 42.4523
8 10 42.4523
8 6 37.0906
8 6 37.0906
7 21 39.7094
7 21 39.7094
7 6 37.0906
7 5 37.8526
7 6 37.0906
7 5 37.8526
6 16 37.0906
6 11 37.0906
6 8 37.0906
6 7 37.0906
6 16 37.0906
6 11 37.0906
6 8 37.0906
6 7 37.0906
6 5 37.8526
6 5 37.8526
5 7 37.8526
5 6 37.8526
5 7 37.8526
5 6 37.8526
5 3 45.5241
5 1 49.657
5 3 45.5241
5 1 49.657
4 11 39.1873
4 11 39.1873
4 3 45.5241
4 2 59.5862
4 0 60.0323
4 3 45.5241
4 2 59.5862
4 0 60.0323
3 5 45.5241
3 4 45.5241
3 5 45.5241
3 4 45.5241
3 1 49.657
3 1 49.657
2 4 59.5862
2 4 59.5862
2 1 49.657
2 0 60.0323
2 1 49.657
2 0 60.0323
1 5 49.657
1 3 49.657
1 2 49.657
1 5 49.657
1 3 49.657
1 2 49.657
0 4 60.0323
0 2 60.0323
0 4 60.0323
0 2 60.0323
