@nodes
label table_size
0 325
1 325
2 325
3 325
4 325
5 325
6 325
7 325
8 325
9 325
10 325
11 325
12 325
13 325
14 325
15 325
16 325
17 325
18 325
19 325
20 325
21 325
22 325
23 325
24 325
25 325
@arcs
    bandwidth
0 2 64.0
2 0 64.0
0 4 64.0
4 0 64.0
1 2 64.0
2 1 64.0
1 3 64.0
3 1 64.0
1 5 64.0
5 1 64.0
2 0 64.0
0 2 64.0
2 1 64.0
1 2 64.0
2 4 64.0
4 2 64.0
3 1 64.0
1 3 64.0
3 4 64.0
4 3 64.0
3 5 64.0
5 3 64.0
4 0 64.0
0 4 64.0
4 2 64.0
2 4 64.0
4 3 64.0
3 4 64.0
4 11 64.0
11 4 64.0
5 1 64.0
1 5 64.0
5 3 64.0
3 5 64.0
5 6 64.0
6 5 64.0
5 7 64.0
7 5 64.0
6 5 64.0
5 6 64.0
6 7 64.0
7 6 64.0
6 8 64.0
8 6 64.0
6 11 64.0
11 6 64.0
6 16 64.0
16 6 64.0
7 5 64.0
5 7 64.0
7 6 64.0
6 7 64.0
7 21 64.0
21 7 64.0
8 6 64.0
6 8 64.0
8 10 64.0
10 8 64.0
8 15 64.0
15 8 64.0
9 10 64.0
10 9 64.0
9 12 64.0
12 9 64.0
10 8 64.0
8 10 64.0
10 9 64.0
9 10 64.0
10 11 64.0
11 10 64.0
10 15 64.0
15 10 64.0
11 4 64.0
4 11 64.0
11 6 64.0
6 11 64.0
11 10 64.0
10 11 64.0
12 9 64.0
9 12 64.0
12 13 64.0
13 12 64.0
12 14 64.0
14 12 64.0
12 15 64.0
15 12 64.0
13 12 64.0
12 13 64.0
13 15 64.0
15 13 64.0
13 16 64.0
16 13 64.0
13 17 64.0
17 13 64.0
14 12 64.0
12 14 64.0
14 17 64.0
17 14 64.0
15 8 64.0
8 15 64.0
15 10 64.0
10 15 64.0
15 12 64.0
12 15 64.0
15 13 64.0
13 15 64.0
16 6 64.0
6 16 64.0
16 13 64.0
13 16 64.0
16 20 64.0
20 16 64.0
16 23 64.0
23 16 64.0
17 13 64.0
13 17 64.0
17 14 64.0
14 17 64.0
17 19 64.0
19 17 64.0
17 25 64.0
25 17 64.0
18 19 64.0
19 18 64.0
18 22 64.0
22 18 64.0
18 25 64.0
25 18 64.0
19 17 64.0
17 19 64.0
19 18 64.0
18 19 64.0
19 22 64.0
22 19 64.0
20 16 64.0
16 20 64.0
20 23 64.0
23 20 64.0
20 25 64.0
25 20 64.0
21 7 64.0
7 21 64.0
21 23 64.0
23 21 64.0
21 24 64.0
24 21 64.0
22 18 64.0
18 22 64.0
22 19 64.0
19 22 64.0
23 16 64.0
16 23 64.0
23 20 64.0
20 23 64.0
23 21 64.0
21 23 64.0
23 24 64.0
24 23 64.0
24 21 64.0
21 24 64.0
24 23 64.0
23 24 64.0
25 17 64.0
17 25 64.0
25 18 64.0
18 25 64.0
25 20 64.0
20 25 64.0
