@nodes
label table_size
25 325
24 325
23 325
22 325
21 325
20 325
19 325
18 325
17 325
16 325
15 325
14 325
13 325
12 325
11 325
10 325
9 325
8 325
7 325
6 325
5 325
4 325
3 325
2 325
1 325
0 325
@arcs
       bandwidth
25 20 33.4394
25 18 33.4584
25 17 32.6043
25 20 33.4394
25 18 33.4584
25 17 32.6043
24 23 33.1734
24 21 33.2765
24 23 33.1734
24 21 33.2765
23 24 33.1734
23 24 33.1734
23 21 33.2765
23 20 33.4394
23 16 33.0592
23 21 33.2765
23 20 33.4394
23 16 33.0592
22 19 32.9252
22 18 33.4584
22 19 32.9252
22 18 33.4584
21 24 33.2765
21 23 33.2765
21 24 33.2765
21 23 33.2765
21 7 32.7758
21 7 32.7758
20 25 33.4394
20 23 33.4394
20 25 33.4394
20 23 33.4394
20 16 33.0592
20 16 33.0592
19 22 32.9252
19 22 32.9252
19 18 33.4584
19 17 32.6043
19 18 33.4584
19 17 32.6043
18 25 33.4584
18 22 33.4584
18 19 33.4584
18 25 33.4584
18 22 33.4584
18 19 33.4584
17 25 32.6043
17 19 32.6043
17 25 32.6043
17 19 32.6043
17 14 33.0439
17 13 32.7115
17 14 33.0439
17 13 32.7115
16 23 33.0592
16 20 33.0592
16 23 33.0592
16 20 33.0592
16 13 32.7115
16 6 32.5253
16 13 32.7115
16 6 32.5253
15 13 32.7115
15 12 32.7682
15 10 32.7225
15 8 32.817
15 13 32.7115
15 12 32.7682
15 10 32.7225
15 8 32.817
14 17 33.0439
14 17 33.0439
14 12 32.7682
14 12 32.7682
13 17 32.7115
13 16 32.7115
13 15 32.7115
13 17 32.7115
13 16 32.7115
13 15 32.7115
13 12 32.7682
13 12 32.7682
12 15 32.7682
12 14 32.7682
12 13 32.7682
12 15 32.7682
12 14 32.7682
12 13 32.7682
12 9 33.47
12 9 33.47
11 10 32.7225
11 6 32.5253
11 4 32.8238
11 10 32.7225
11 6 32.5253
11 4 32.8238
10 15 32.7225
10 11 32.7225
10 15 32.7225
10 11 32.7225
10 9 33.47
10 8 32.817
10 9 33.47
10 8 32.817
9 12 33.47
9 10 33.47
9 12 33.47
9 10 33.47
8 15 32.817
8 10 32.817
8 15 32.817
8 10 32.817
8 6 32.5253
8 6 32.5253
7 21 32.7758
7 21 32.7758
7 6 32.5253
7 5 32.5303
7 6 32.5253
7 5 32.5303
6 16 32.5253
6 11 32.5253
6 8 32.5253
6 7 32.5253
6 16 32.5253
6 11 32.5253
6 8 32.5253
6 7 32.5253
6 5 32.5303
6 5 32.5303
5 7 32.5303
5 6 32.5303
5 7 32.5303
5 6 32.5303
5 3 32.8282
5 1 33.5301
5 3 32.8282
5 1 33.5301
4 11 32.8238
4 11 32.8238
4 3 32.8282
4 2 33.8961
4 0 33.7435
4 3 32.8282
4 2 33.8961
4 0 33.7435
3 5 32.8282
3 4 32.8282
3 5 32.8282
3 4 32.8282
3 1 33.5301
3 1 33.5301
2 4 33.8961
2 4 33.8961
2 1 33.5301
2 0 33.7435
2 1 33.5301
2 0 33.7435
1 5 33.5301
1 3 33.5301
1 2 33.5301
1 5 33.5301
1 3 33.5301
1 2 33.5301
0 4 33.7435
0 2 33.7435
0 4 33.7435
0 2 33.7435
