@nodes
label table_size
25 325
24 325
23 325
22 325
21 325
20 325
19 325
18 325
17 325
16 325
15 325
14 325
13 325
12 325
11 325
10 325
9 325
8 325
7 325
6 325
5 325
4 325
3 325
2 325
1 325
0 325
@arcs
       bandwidth
25 20 34.4293
25 18 34.6978
25 17 33.0005
25 20 34.4293
25 18 34.6978
25 17 33.0005
24 23 33.8378
24 21 33.9171
24 23 33.8378
24 21 33.9171
23 24 33.8378
23 24 33.8378
23 21 33.9171
23 20 34.4293
23 16 33.5875
23 21 33.9171
23 20 34.4293
23 16 33.5875
22 19 33.5784
22 18 34.6978
22 19 33.5784
22 18 34.6978
21 24 33.9171
21 23 33.9171
21 24 33.9171
21 23 33.9171
21 7 33.2442
21 7 33.2442
20 25 34.4293
20 23 34.4293
20 25 34.4293
20 23 34.4293
20 16 33.5875
20 16 33.5875
19 22 33.5784
19 22 33.5784
19 18 34.6978
19 17 33.0005
19 18 34.6978
19 17 33.0005
18 25 34.6978
18 22 34.6978
18 19 34.6978
18 25 34.6978
18 22 34.6978
18 19 34.6978
17 25 33.0005
17 19 33.0005
17 25 33.0005
17 19 33.0005
17 14 33.8988
17 13 33.1023
17 14 33.8988
17 13 33.1023
16 23 33.5875
16 20 33.5875
16 23 33.5875
16 20 33.5875
16 13 33.1023
16 6 32.8876
16 13 33.1023
16 6 32.8876
15 13 33.1023
15 12 33.322
15 10 33.2703
15 8 33.4292
15 13 33.1023
15 12 33.322
15 10 33.2703
15 8 33.4292
14 17 33.8988
14 17 33.8988
14 12 33.322
14 12 33.322
13 17 33.1023
13 16 33.1023
13 15 33.1023
13 17 33.1023
13 16 33.1023
13 15 33.1023
13 12 33.322
13 12 33.322
12 15 33.322
12 14 33.322
12 13 33.322
12 15 33.322
12 14 33.322
12 13 33.322
12 9 34.4259
12 9 34.4259
11 10 33.2703
11 6 32.8876
11 4 33.355
11 10 33.2703
11 6 32.8876
11 4 33.355
10 15 33.2703
10 11 33.2703
10 15 33.2703
10 11 33.2703
10 9 34.4259
10 8 33.4292
10 9 34.4259
10 8 33.4292
9 12 34.4259
9 10 34.4259
9 12 34.4259
9 10 34.4259
8 15 33.4292
8 10 33.4292
8 15 33.4292
8 10 33.4292
8 6 32.8876
8 6 32.8876
7 21 33.2442
7 21 33.2442
7 6 32.8876
7 5 32.8756
7 6 32.8876
7 5 32.8756
6 16 32.8876
6 11 32.8876
6 8 32.8876
6 7 32.8876
6 16 32.8876
6 11 32.8876
6 8 32.8876
6 7 32.8876
6 5 32.8756
6 5 32.8756
5 7 32.8756
5 6 32.8756
5 7 32.8756
5 6 32.8756
5 3 33.388
5 1 34.623
5 3 33.388
5 1 34.623
4 11 33.355
4 11 33.355
4 3 33.388
4 2 35.2839
4 0 34.942
4 3 33.388
4 2 35.2839
4 0 34.942
3 5 33.388
3 4 33.388
3 5 33.388
3 4 33.388
3 1 34.623
3 1 34.623
2 4 35.2839
2 4 35.2839
2 1 34.623
2 0 34.942
2 1 34.623
2 0 34.942
1 5 34.623
1 3 34.623
1 2 34.623
1 5 34.623
1 3 34.623
1 2 34.623
0 4 34.942
0 2 34.942
0 4 34.942
0 2 34.942
