@nodes
label table_size
25 325
24 325
23 325
22 325
21 325
20 325
19 325
18 325
17 325
16 325
15 325
14 325
13 325
12 325
11 325
10 325
9 325
8 325
7 325
6 325
5 325
4 325
3 325
2 325
1 325
0 325
@arcs
       bandwidth
25 20 37.051
25 18 39.3707
25 17 34.6936
25 20 37.051
25 18 39.3707
25 17 34.6936
24 23 36.0294
24 21 36.165
24 23 36.0294
24 21 36.165
23 24 36.0294
23 24 36.0294
23 21 36.165
23 20 37.051
23 16 35.5531
23 21 36.165
23 20 37.051
23 16 35.5531
22 19 36.3029
22 18 39.3707
22 19 36.3029
22 18 39.3707
21 24 36.165
21 23 36.165
21 24 36.165
21 23 36.165
21 7 35.7343
21 7 35.7343
20 25 37.051
20 23 37.051
20 25 37.051
20 23 37.051
20 16 35.5531
20 16 35.5531
19 22 36.3029
19 22 36.3029
19 18 39.3707
19 17 34.6936
19 18 39.3707
19 17 34.6936
18 25 39.3707
18 22 39.3707
18 19 39.3707
18 25 39.3707
18 22 39.3707
18 19 39.3707
17 25 34.6936
17 19 34.6936
17 25 34.6936
17 19 34.6936
17 14 36.6784
17 13 34.8769
17 14 36.6784
17 13 34.8769
16 23 35.5531
16 20 35.5531
16 23 35.5531
16 20 35.5531
16 13 34.8769
16 6 34.798
16 13 34.8769
16 6 34.798
15 13 34.8769
15 12 35.3646
15 10 35.3216
15 8 36.8126
15 13 34.8769
15 12 35.3646
15 10 35.3216
15 8 36.8126
14 17 36.6784
14 17 36.6784
14 12 35.3646
14 12 35.3646
13 17 34.8769
13 16 34.8769
13 15 34.8769
13 17 34.8769
13 16 34.8769
13 15 34.8769
13 12 35.3646
13 12 35.3646
12 15 35.3646
12 14 35.3646
12 13 35.3646
12 15 35.3646
12 14 35.3646
12 13 35.3646
12 9 37.4251
12 9 37.4251
11 10 35.3216
11 6 34.798
11 4 35.6199
11 10 35.3216
11 6 34.798
11 4 35.6199
10 15 35.3216
10 11 35.3216
10 15 35.3216
10 11 35.3216
10 9 37.4251
10 8 36.8126
10 9 37.4251
10 8 36.8126
9 12 37.4251
9 10 37.4251
9 12 37.4251
9 10 37.4251
8 15 36.8126
8 10 36.8126
8 15 36.8126
8 10 36.8126
8 6 34.798
8 6 34.798
7 21 35.7343
7 21 35.7343
7 6 34.798
7 5 34.8408
7 6 34.798
7 5 34.8408
6 16 34.798
6 11 34.798
6 8 34.798
6 7 34.798
6 16 34.798
6 11 34.798
6 8 34.798
6 7 34.798
6 5 34.8408
6 5 34.8408
5 7 34.8408
5 6 34.8408
5 7 34.8408
5 6 34.8408
5 3 38.0926
5 1 39.4021
5 3 38.0926
5 1 39.4021
4 11 35.6199
4 11 35.6199
4 3 38.0926
4 2 42.7549
4 0 42.3072
4 3 38.0926
4 2 42.7549
4 0 42.3072
3 5 38.0926
3 4 38.0926
3 5 38.0926
3 4 38.0926
3 1 39.4021
3 1 39.4021
2 4 42.7549
2 4 42.7549
2 1 39.4021
2 0 42.3072
2 1 39.4021
2 0 42.3072
1 5 39.4021
1 3 39.4021
1 2 39.4021
1 5 39.4021
1 3 39.4021
1 2 39.4021
0 4 42.3072
0 2 42.3072
0 4 42.3072
0 2 42.3072
