@nodes
label table_size
25 325
24 325
23 325
22 325
21 325
20 325
19 325
18 325
17 325
16 325
15 325
14 325
13 325
12 325
11 325
10 325
9 325
8 325
7 325
6 325
5 325
4 325
3 325
2 325
1 325
0 325
@arcs
       bandwidth
25 20 39.0796
25 18 43.2432
25 17 35.8647
25 20 39.0796
25 18 43.2432
25 17 35.8647
24 23 37.6491
24 21 38.036
24 23 37.6491
24 21 38.036
23 24 37.6491
23 24 37.6491
23 21 38.036
23 20 39.0796
23 16 36.612
23 21 38.036
23 20 39.0796
23 16 36.612
22 19 38.3609
22 18 43.2432
22 19 38.3609
22 18 43.2432
21 24 38.036
21 23 38.036
21 24 38.036
21 23 38.036
21 7 37.4082
21 7 37.4082
20 25 39.0796
20 23 39.0796
20 25 39.0796
20 23 39.0796
20 16 36.612
20 16 36.612
19 22 38.3609
19 22 38.3609
19 18 43.2432
19 17 35.8647
19 18 43.2432
19 17 35.8647
18 25 43.2432
18 22 43.2432
18 19 43.2432
18 25 43.2432
18 22 43.2432
18 19 43.2432
17 25 35.8647
17 19 35.8647
17 25 35.8647
17 19 35.8647
17 14 39.2272
17 13 35.8676
17 14 39.2272
17 13 35.8676
16 23 36.612
16 20 36.612
16 23 36.612
16 20 36.612
16 13 35.8676
16 6 35.8053
16 13 35.8676
16 6 35.8053
15 13 35.8676
15 12 36.9173
15 10 36.6658
15 8 38.9011
15 13 35.8676
15 12 36.9173
15 10 36.6658
15 8 38.9011
14 17 39.2272
14 17 39.2272
14 12 36.9173
14 12 36.9173
13 17 35.8676
13 16 35.8676
13 15 35.8676
13 17 35.8676
13 16 35.8676
13 15 35.8676
13 12 36.9173
13 12 36.9173
12 15 36.9173
12 14 36.9173
12 13 36.9173
12 15 36.9173
12 14 36.9173
12 13 36.9173
12 9 40.0433
12 9 40.0433
11 10 36.6658
11 6 35.8053
11 4 37.1106
11 10 36.6658
11 6 35.8053
11 4 37.1106
10 15 36.6658
10 11 36.6658
10 15 36.6658
10 11 36.6658
10 9 40.0433
10 8 38.9011
10 9 40.0433
10 8 38.9011
9 12 40.0433
9 10 40.0433
9 12 40.0433
9 10 40.0433
8 15 38.9011
8 10 38.9011
8 15 38.9011
8 10 38.9011
8 6 35.8053
8 6 35.8053
7 21 37.4082
7 21 37.4082
7 6 35.8053
7 5 36.1385
7 6 35.8053
7 5 36.1385
6 16 35.8053
6 11 35.8053
6 8 35.8053
6 7 35.8053
6 16 35.8053
6 11 35.8053
6 8 35.8053
6 7 35.8053
6 5 36.1385
6 5 36.1385
5 7 36.1385
5 6 36.1385
5 7 36.1385
5 6 36.1385
5 3 41.0671
5 1 43.6723
5 3 41.0671
5 1 43.6723
4 11 37.1106
4 11 37.1106
4 3 41.0671
4 2 49.657
4 0 48.124
4 3 41.0671
4 2 49.657
4 0 48.124
3 5 41.0671
3 4 41.0671
3 5 41.0671
3 4 41.0671
3 1 43.6723
3 1 43.6723
2 4 49.657
2 4 49.657
2 1 43.6723
2 0 48.124
2 1 43.6723
2 0 48.124
1 5 43.6723
1 3 43.6723
1 2 43.6723
1 5 43.6723
1 3 43.6723
1 2 43.6723
0 4 48.124
0 2 48.124
0 4 48.124
0 2 48.124
