@nodes
label table_size
25 325
24 325
23 325
22 325
21 325
20 325
19 325
18 325
17 325
16 325
15 325
14 325
13 325
12 325
11 325
10 325
9 325
8 325
7 325
6 325
5 325
4 325
3 325
2 325
1 325
0 325
@arcs
       bandwidth
25 20 32.1794
25 18 32.1729
25 17 32.0962
25 20 32.1794
25 18 32.1729
25 17 32.0962
24 23 32.1621
24 21 32.1716
24 23 32.1621
24 21 32.1716
23 24 32.1621
23 24 32.1621
23 21 32.1716
23 20 32.1794
23 16 32.1673
23 21 32.1716
23 20 32.1794
23 16 32.1673
22 19 32.1387
22 18 32.1729
22 19 32.1387
22 18 32.1729
21 24 32.1716
21 23 32.1716
21 24 32.1716
21 23 32.1716
21 7 32.1227
21 7 32.1227
20 25 32.1794
20 23 32.1794
20 25 32.1794
20 23 32.1794
20 16 32.1673
20 16 32.1673
19 22 32.1387
19 22 32.1387
19 18 32.1729
19 17 32.0962
19 18 32.1729
19 17 32.0962
18 25 32.1729
18 22 32.1729
18 19 32.1729
18 25 32.1729
18 22 32.1729
18 19 32.1729
17 25 32.0962
17 19 32.0962
17 25 32.0962
17 19 32.0962
17 14 32.1475
17 13 32.1212
17 14 32.1475
17 13 32.1212
16 23 32.1673
16 20 32.1673
16 23 32.1673
16 20 32.1673
16 13 32.1212
16 6 32.0781
16 13 32.1212
16 6 32.0781
15 13 32.1212
15 12 32.1184
15 10 32.1028
15 8 32.1118
15 13 32.1212
15 12 32.1184
15 10 32.1028
15 8 32.1118
14 17 32.1475
14 17 32.1475
14 12 32.1184
14 12 32.1184
13 17 32.1212
13 16 32.1212
13 15 32.1212
13 17 32.1212
13 16 32.1212
13 15 32.1212
13 12 32.1184
13 12 32.1184
12 15 32.1184
12 14 32.1184
12 13 32.1184
12 15 32.1184
12 14 32.1184
12 13 32.1184
12 9 32.2253
12 9 32.2253
11 10 32.1028
11 6 32.0781
11 4 32.1214
11 10 32.1028
11 6 32.0781
11 4 32.1214
10 15 32.1028
10 11 32.1028
10 15 32.1028
10 11 32.1028
10 9 32.2253
10 8 32.1118
10 9 32.2253
10 8 32.1118
9 12 32.2253
9 10 32.2253
9 12 32.2253
9 10 32.2253
8 15 32.1118
8 10 32.1118
8 15 32.1118
8 10 32.1118
8 6 32.0781
8 6 32.0781
7 21 32.1227
7 21 32.1227
7 6 32.0781
7 5 32.0826
7 6 32.0781
7 5 32.0826
6 16 32.0781
6 11 32.0781
6 8 32.0781
6 7 32.0781
6 16 32.0781
6 11 32.0781
6 8 32.0781
6 7 32.0781
6 5 32.0826
6 5 32.0826
5 7 32.0826
5 6 32.0826
5 7 32.0826
5 6 32.0826
5 3 32.1131
5 1 32.1623
5 3 32.1131
5 1 32.1623
4 11 32.1214
4 11 32.1214
4 3 32.1131
4 2 32.2325
4 0 32.2492
4 3 32.1131
4 2 32.2325
4 0 32.2492
3 5 32.1131
3 4 32.1131
3 5 32.1131
3 4 32.1131
3 1 32.1623
3 1 32.1623
2 4 32.2325
2 4 32.2325
2 1 32.1623
2 0 32.2492
2 1 32.1623
2 0 32.2492
1 5 32.1623
1 3 32.1623
1 2 32.1623
1 5 32.1623
1 3 32.1623
1 2 32.1623
0 4 32.2492
0 2 32.2492
0 4 32.2492
0 2 32.2492
