@nodes
label table_size
25 325
24 325
23 325
22 325
21 325
20 325
19 325
18 325
17 325
16 325
15 325
14 325
13 325
12 325
11 325
10 325
9 325
8 325
7 325
6 325
5 325
4 325
3 325
2 325
1 325
0 325
@arcs
       bandwidth
25 20 32.6548
25 18 32.6111
25 17 32.2984
25 20 32.6548
25 18 32.6111
25 17 32.2984
24 23 32.574
24 21 32.6165
24 23 32.574
24 21 32.6165
23 24 32.574
23 24 32.574
23 21 32.6165
23 20 32.6548
23 16 32.5665
23 21 32.6165
23 20 32.6548
23 16 32.5665
22 19 32.4436
22 18 32.6111
22 19 32.4436
22 18 32.6111
21 24 32.6165
21 23 32.6165
21 24 32.6165
21 23 32.6165
21 7 32.3901
21 7 32.3901
20 25 32.6548
20 23 32.6548
20 25 32.6548
20 23 32.6548
20 16 32.5665
20 16 32.5665
19 22 32.4436
19 22 32.4436
19 18 32.6111
19 17 32.2984
19 18 32.6111
19 17 32.2984
18 25 32.6111
18 22 32.6111
18 19 32.6111
18 25 32.6111
18 22 32.6111
18 19 32.6111
17 25 32.2984
17 19 32.2984
17 25 32.2984
17 19 32.2984
17 14 32.4754
17 13 32.3687
17 14 32.4754
17 13 32.3687
16 23 32.5665
16 20 32.5665
16 23 32.5665
16 20 32.5665
16 13 32.3687
16 6 32.2538
16 13 32.3687
16 6 32.2538
15 13 32.3687
15 12 32.3676
15 10 32.328
15 8 32.3719
15 13 32.3687
15 12 32.3676
15 10 32.328
15 8 32.3719
14 17 32.4754
14 17 32.4754
14 12 32.3676
14 12 32.3676
13 17 32.3687
13 16 32.3687
13 15 32.3687
13 17 32.3687
13 16 32.3687
13 15 32.3687
13 12 32.3676
13 12 32.3676
12 15 32.3676
12 14 32.3676
12 13 32.3676
12 15 32.3676
12 14 32.3676
12 13 32.3676
12 9 32.6795
12 9 32.6795
11 10 32.328
11 6 32.2538
11 4 32.3957
11 10 32.328
11 6 32.2538
11 4 32.3957
10 15 32.328
10 11 32.328
10 15 32.328
10 11 32.328
10 9 32.6795
10 8 32.3719
10 9 32.6795
10 8 32.3719
9 12 32.6795
9 10 32.6795
9 12 32.6795
9 10 32.6795
8 15 32.3719
8 10 32.3719
8 15 32.3719
8 10 32.3719
8 6 32.2538
8 6 32.2538
7 21 32.3901
7 21 32.3901
7 6 32.2538
7 5 32.2615
7 6 32.2538
7 5 32.2615
6 16 32.2538
6 11 32.2538
6 8 32.2538
6 7 32.2538
6 16 32.2538
6 11 32.2538
6 8 32.2538
6 7 32.2538
6 5 32.2615
6 5 32.2615
5 7 32.2615
5 6 32.2615
5 7 32.2615
5 6 32.2615
5 3 32.3851
5 1 32.6646
5 3 32.3851
5 1 32.6646
4 11 32.3957
4 11 32.3957
4 3 32.3851
4 2 32.8566
4 0 32.8405
4 3 32.3851
4 2 32.8566
4 0 32.8405
3 5 32.3851
3 4 32.3851
3 5 32.3851
3 4 32.3851
3 1 32.6646
3 1 32.6646
2 4 32.8566
2 4 32.8566
2 1 32.6646
2 0 32.8405
2 1 32.6646
2 0 32.8405
1 5 32.6646
1 3 32.6646
1 2 32.6646
1 5 32.6646
1 3 32.6646
1 2 32.6646
0 4 32.8405
0 2 32.8405
0 4 32.8405
0 2 32.8405
