@nodes
label table_size
25 325
24 325
23 325
22 325
21 325
20 325
19 325
18 325
17 325
16 325
15 325
14 325
13 325
12 325
11 325
10 325
9 325
8 325
7 325
6 325
5 325
4 325
3 325
2 325
1 325
0 325
@arcs
       bandwidth
25 20 32.3088
25 18 32.2779
25 17 32.1515
25 20 32.3088
25 18 32.2779
25 17 32.1515
24 23 32.2926
24 21 32.3143
24 23 32.2926
24 21 32.3143
23 24 32.2926
23 24 32.2926
23 21 32.3143
23 20 32.3088
23 16 32.3151
23 21 32.3143
23 20 32.3088
23 16 32.3151
22 19 32.2198
22 18 32.2779
22 19 32.2198
22 18 32.2779
21 24 32.3143
21 23 32.3143
21 24 32.3143
21 23 32.3143
21 7 32.214
21 7 32.214
20 25 32.3088
20 23 32.3088
20 25 32.3088
20 23 32.3088
20 16 32.3151
20 16 32.3151
19 22 32.2198
19 22 32.2198
19 18 32.2779
19 17 32.1515
19 18 32.2779
19 17 32.1515
18 25 32.2779
18 22 32.2779
18 19 32.2779
18 25 32.2779
18 22 32.2779
18 19 32.2779
17 25 32.1515
17 19 32.1515
17 25 32.1515
17 19 32.1515
17 14 32.2324
17 13 32.2008
17 14 32.2324
17 13 32.2008
16 23 32.3151
16 20 32.3151
16 23 32.3151
16 20 32.3151
16 13 32.2008
16 6 32.1308
16 13 32.2008
16 6 32.1308
15 13 32.2008
15 12 32.1882
15 10 32.1619
15 8 32.1904
15 13 32.2008
15 12 32.1882
15 10 32.1619
15 8 32.1904
14 17 32.2324
14 17 32.2324
14 12 32.1882
14 12 32.1882
13 17 32.2008
13 16 32.2008
13 15 32.2008
13 17 32.2008
13 16 32.2008
13 15 32.2008
13 12 32.1882
13 12 32.1882
12 15 32.1882
12 14 32.1882
12 13 32.1882
12 15 32.1882
12 14 32.1882
12 13 32.1882
12 9 32.3403
12 9 32.3403
11 10 32.1619
11 6 32.1308
11 4 32.1967
11 10 32.1619
11 6 32.1308
11 4 32.1967
10 15 32.1619
10 11 32.1619
10 15 32.1619
10 11 32.1619
10 9 32.3403
10 8 32.1904
10 9 32.3403
10 8 32.1904
9 12 32.3403
9 10 32.3403
9 12 32.3403
9 10 32.3403
8 15 32.1904
8 10 32.1904
8 15 32.1904
8 10 32.1904
8 6 32.1308
8 6 32.1308
7 21 32.214
7 21 32.214
7 6 32.1308
7 5 32.1363
7 6 32.1308
7 5 32.1363
6 16 32.1308
6 11 32.1308
6 8 32.1308
6 7 32.1308
6 16 32.1308
6 11 32.1308
6 8 32.1308
6 7 32.1308
6 5 32.1363
6 5 32.1363
5 7 32.1363
5 6 32.1363
5 7 32.1363
5 6 32.1363
5 3 32.1972
5 1 32.2886
5 3 32.1972
5 1 32.2886
4 11 32.1967
4 11 32.1967
4 3 32.1972
4 2 32.4046
4 0 32.4267
4 3 32.1972
4 2 32.4046
4 0 32.4267
3 5 32.1972
3 4 32.1972
3 5 32.1972
3 4 32.1972
3 1 32.2886
3 1 32.2886
2 4 32.4046
2 4 32.4046
2 1 32.2886
2 0 32.4267
2 1 32.2886
2 0 32.4267
1 5 32.2886
1 3 32.2886
1 2 32.2886
1 5 32.2886
1 3 32.2886
1 2 32.2886
0 4 32.4267
0 2 32.4267
0 4 32.4267
0 2 32.4267
