@nodes
label table_size
25 325
24 325
23 325
22 325
21 325
20 325
19 325
18 325
17 325
16 325
15 325
14 325
13 325
12 325
11 325
10 325
9 325
8 325
7 325
6 325
5 325
4 325
3 325
2 325
1 325
0 325
@arcs
       bandwidth
25 20 35.3301
25 18 36.4388
25 17 33.7571
25 20 35.3301
25 18 36.4388
25 17 33.7571
24 23 34.7133
24 21 34.8611
24 23 34.7133
24 21 34.8611
23 24 34.7133
23 24 34.7133
23 21 34.8611
23 20 35.3301
23 16 34.5447
23 21 34.8611
23 20 35.3301
23 16 34.5447
22 19 34.7756
22 18 36.4388
22 19 34.7756
22 18 36.4388
21 24 34.8611
21 23 34.8611
21 24 34.8611
21 23 34.8611
21 7 34.5534
21 7 34.5534
20 25 35.3301
20 23 35.3301
20 25 35.3301
20 23 35.3301
20 16 34.5447
20 16 34.5447
19 22 34.7756
19 22 34.7756
19 18 36.4388
19 17 33.7571
19 18 36.4388
19 17 33.7571
18 25 36.4388
18 22 36.4388
18 19 36.4388
18 25 36.4388
18 22 36.4388
18 19 36.4388
17 25 33.7571
17 19 33.7571
17 25 33.7571
17 19 33.7571
17 14 35.0347
17 13 33.9897
17 14 35.0347
17 13 33.9897
16 23 34.5447
16 20 34.5447
16 23 34.5447
16 20 34.5447
16 13 33.9897
16 6 33.9399
16 13 33.9897
16 6 33.9399
15 13 33.9897
15 12 34.2217
15 10 34.2702
15 8 35.2069
15 13 33.9897
15 12 34.2217
15 10 34.2702
15 8 35.2069
14 17 35.0347
14 17 35.0347
14 12 34.2217
14 12 34.2217
13 17 33.9897
13 16 33.9897
13 15 33.9897
13 17 33.9897
13 16 33.9897
13 15 33.9897
13 12 34.2217
13 12 34.2217
12 15 34.2217
12 14 34.2217
12 13 34.2217
12 15 34.2217
12 14 34.2217
12 13 34.2217
12 9 35.5362
12 9 35.5362
11 10 34.2702
11 6 33.9399
11 4 34.443
11 10 34.2702
11 6 33.9399
11 4 34.443
10 15 34.2702
10 11 34.2702
10 15 34.2702
10 11 34.2702
10 9 35.5362
10 8 35.2069
10 9 35.5362
10 8 35.2069
9 12 35.5362
9 10 35.5362
9 12 35.5362
9 10 35.5362
8 15 35.2069
8 10 35.2069
8 15 35.2069
8 10 35.2069
8 6 33.9399
8 6 33.9399
7 21 34.5534
7 21 34.5534
7 6 33.9399
7 5 33.8982
7 6 33.9399
7 5 33.8982
6 16 33.9399
6 11 33.9399
6 8 33.9399
6 7 33.9399
6 16 33.9399
6 11 33.9399
6 8 33.9399
6 7 33.9399
6 5 33.8982
6 5 33.8982
5 7 33.8982
5 6 33.8982
5 7 33.8982
5 6 33.8982
5 3 35.926
5 1 36.95
5 3 35.926
5 1 36.95
4 11 34.443
4 11 34.443
4 3 35.926
4 2 38.6539
4 0 38.3531
4 3 35.926
4 2 38.6539
4 0 38.3531
3 5 35.926
3 4 35.926
3 5 35.926
3 4 35.926
3 1 36.95
3 1 36.95
2 4 38.6539
2 4 38.6539
2 1 36.95
2 0 38.3531
2 1 36.95
2 0 38.3531
1 5 36.95
1 3 36.95
1 2 36.95
1 5 36.95
1 3 36.95
1 2 36.95
0 4 38.3531
0 2 38.3531
0 4 38.3531
0 2 38.3531
