@nodes
label table_size
25 325
24 325
23 325
22 325
21 325
20 325
19 325
18 325
17 325
16 325
15 325
14 325
13 325
12 325
11 325
10 325
9 325
8 325
7 325
6 325
5 325
4 325
3 325
2 325
1 325
0 325
@arcs
       bandwidth
25 20 46.5049
25 18 61.9712
25 17 40.5037
25 20 46.5049
25 18 61.9712
25 17 40.5037
24 23 44.3662
24 21 46.0731
24 23 44.3662
24 21 46.0731
23 24 44.3662
23 24 44.3662
23 21 46.0731
23 20 46.5049
23 16 40.3267
23 21 46.0731
23 20 46.5049
23 16 40.3267
22 19 47.6391
22 18 61.9712
22 19 47.6391
22 18 61.9712
21 24 46.0731
21 23 46.0731
21 24 46.0731
21 23 46.0731
21 7 44.3077
21 7 44.3077
20 25 46.5049
20 23 46.5049
20 25 46.5049
20 23 46.5049
20 16 40.3267
20 16 40.3267
19 22 47.6391
19 22 47.6391
19 18 61.9712
19 17 40.5037
19 18 61.9712
19 17 40.5037
18 25 61.9712
18 22 61.9712
18 19 61.9712
18 25 61.9712
18 22 61.9712
18 19 61.9712
17 25 40.5037
17 19 40.5037
17 25 40.5037
17 19 40.5037
17 14 54.2698
17 13 39.2474
17 14 54.2698
17 13 39.2474
16 23 40.3267
16 20 40.3267
16 23 40.3267
16 20 40.3267
16 13 39.2474
16 6 39.1873
16 13 39.2474
16 6 39.1873
15 13 39.2474
15 12 44.3662
15 10 41.9904
15 8 47.6391
15 13 39.2474
15 12 44.3662
15 10 41.9904
15 8 47.6391
14 17 54.2698
14 17 54.2698
14 12 44.3662
14 12 44.3662
13 17 39.2474
13 16 39.2474
13 15 39.2474
13 17 39.2474
13 16 39.2474
13 15 39.2474
13 12 44.3662
13 12 44.3662
12 15 44.3662
12 14 44.3662
12 13 44.3662
12 15 44.3662
12 14 44.3662
12 13 44.3662
12 9 56.2424
12 9 56.2424
11 10 41.9904
11 6 39.1873
11 4 42.982
11 10 41.9904
11 6 39.1873
11 4 42.982
10 15 41.9904
10 11 41.9904
10 15 41.9904
10 11 41.9904
10 9 56.2424
10 8 47.6391
10 9 56.2424
10 8 47.6391
9 12 56.2424
9 10 56.2424
9 12 56.2424
9 10 56.2424
8 15 47.6391
8 10 47.6391
8 15 47.6391
8 10 47.6391
8 6 39.1873
8 6 39.1873
7 21 44.3077
7 21 44.3077
7 6 39.1873
7 5 41.0356
7 6 39.1873
7 5 41.0356
6 16 39.1873
6 11 39.1873
6 8 39.1873
6 7 39.1873
6 16 39.1873
6 11 39.1873
6 8 39.1873
6 7 39.1873
6 5 41.0356
6 5 41.0356
5 7 41.0356
5 6 41.0356
5 7 41.0356
5 6 41.0356
5 3 56.0185
5 1 62.6785
5 3 56.0185
5 1 62.6785
4 11 42.982
4 11 42.982
4 3 56.0185
4 2 42.982
4 0 42.982
4 3 56.0185
4 2 42.982
4 0 42.982
3 5 56.0185
3 4 56.0185
3 5 56.0185
3 4 56.0185
3 1 62.6785
3 1 62.6785
2 4 42.982
2 4 42.982
2 1 62.6785
2 0 64
2 1 62.6785
2 0 64
1 5 62.6785
1 3 62.6785
1 2 62.6785
1 5 62.6785
1 3 62.6785
1 2 62.6785
0 4 42.982
0 2 64
0 4 42.982
0 2 64
