@nodes
label table_size
25 325
24 325
23 325
22 325
21 325
20 325
19 325
18 325
17 325
16 325
15 325
14 325
13 325
12 325
11 325
10 325
9 325
8 325
7 325
6 325
5 325
4 325
3 325
2 325
1 325
0 325
@arcs
       bandwidth
25 20 35.6998
25 18 36.6038
25 17 33.4915
25 20 35.6998
25 18 36.6038
25 17 33.4915
24 23 34.7404
24 21 34.8439
24 23 34.7404
24 21 34.8439
23 24 34.7404
23 24 34.7404
23 21 34.8439
23 20 35.6998
23 16 34.1307
23 21 34.8439
23 20 35.6998
23 16 34.1307
22 19 34.4225
22 18 36.6038
22 19 34.4225
22 18 36.6038
21 24 34.8439
21 23 34.8439
21 24 34.8439
21 23 34.8439
21 7 33.8729
21 7 33.8729
20 25 35.6998
20 23 35.6998
20 25 35.6998
20 23 35.6998
20 16 34.1307
20 16 34.1307
19 22 34.4225
19 22 34.4225
19 18 36.6038
19 17 33.4915
19 18 36.6038
19 17 33.4915
18 25 36.6038
18 22 36.6038
18 19 36.6038
18 25 36.6038
18 22 36.6038
18 19 36.6038
17 25 33.4915
17 19 33.4915
17 25 33.4915
17 19 33.4915
17 14 35.0561
17 13 33.518
17 14 35.0561
17 13 33.518
16 23 34.1307
16 20 34.1307
16 23 34.1307
16 20 34.1307
16 13 33.518
16 6 33.3116
16 13 33.518
16 6 33.3116
15 13 33.518
15 12 34.0027
15 10 33.9291
15 8 34.1662
15 13 33.518
15 12 34.0027
15 10 33.9291
15 8 34.1662
14 17 35.0561
14 17 35.0561
14 12 34.0027
14 12 34.0027
13 17 33.518
13 16 33.518
13 15 33.518
13 17 33.518
13 16 33.518
13 15 33.518
13 12 34.0027
13 12 34.0027
12 15 34.0027
12 14 34.0027
12 13 34.0027
12 15 34.0027
12 14 34.0027
12 13 34.0027
12 9 35.7183
12 9 35.7183
11 10 33.9291
11 6 33.3116
11 4 34.0549
11 10 33.9291
11 6 33.3116
11 4 34.0549
10 15 33.9291
10 11 33.9291
10 15 33.9291
10 11 33.9291
10 9 35.7183
10 8 34.1662
10 9 35.7183
10 8 34.1662
9 12 35.7183
9 10 35.7183
9 12 35.7183
9 10 35.7183
8 15 34.1662
8 10 34.1662
8 15 34.1662
8 10 34.1662
8 6 33.3116
8 6 33.3116
7 21 33.8729
7 21 33.8729
7 6 33.3116
7 5 33.324
7 6 33.3116
7 5 33.324
6 16 33.3116
6 11 33.3116
6 8 33.3116
6 7 33.3116
6 16 33.3116
6 11 33.3116
6 8 33.3116
6 7 33.3116
6 5 33.324
6 5 33.324
5 7 33.324
5 6 33.324
5 7 33.324
5 6 33.324
5 3 34.1899
5 1 35.974
5 3 34.1899
5 1 35.974
4 11 34.0549
4 11 34.0549
4 3 34.1899
4 2 37.1922
4 0 36.5916
4 3 34.1899
4 2 37.1922
4 0 36.5916
3 5 34.1899
3 4 34.1899
3 5 34.1899
3 4 34.1899
3 1 35.974
3 1 35.974
2 4 37.1922
2 4 37.1922
2 1 35.974
2 0 36.5916
2 1 35.974
2 0 36.5916
1 5 35.974
1 3 35.974
1 2 35.974
1 5 35.974
1 3 35.974
1 2 35.974
0 4 36.5916
0 2 36.5916
0 4 36.5916
0 2 36.5916
