@nodes
label table_size
25 325
24 325
23 325
22 325
21 325
20 325
19 325
18 325
17 325
16 325
15 325
14 325
13 325
12 325
11 325
10 325
9 325
8 325
7 325
6 325
5 325
4 325
3 325
2 325
1 325
0 325
@arcs
       bandwidth
25 20 34.1844
25 18 34.5471
25 17 33.0609
25 20 34.1844
25 18 34.5471
25 17 33.0609
24 23 33.8735
24 21 33.9693
24 23 33.8735
24 21 33.9693
23 24 33.8735
23 24 33.8735
23 21 33.9693
23 20 34.1844
23 16 33.7984
23 21 33.9693
23 20 34.1844
23 16 33.7984
22 19 33.6022
22 18 34.5471
22 19 33.6022
22 18 34.5471
21 24 33.9693
21 23 33.9693
21 24 33.9693
21 23 33.9693
21 7 33.6381
21 7 33.6381
20 25 34.1844
20 23 34.1844
20 25 34.1844
20 23 34.1844
20 16 33.7984
20 16 33.7984
19 22 33.6022
19 22 33.6022
19 18 34.5471
19 17 33.0609
19 18 34.5471
19 17 33.0609
18 25 34.5471
18 22 34.5471
18 19 34.5471
18 25 34.5471
18 22 34.5471
18 19 34.5471
17 25 33.0609
17 19 33.0609
17 25 33.0609
17 19 33.0609
17 14 33.8899
17 13 33.2863
17 14 33.8899
17 13 33.2863
16 23 33.7984
16 20 33.7984
16 23 33.7984
16 20 33.7984
16 13 33.2863
16 6 33.1534
16 13 33.2863
16 6 33.1534
15 13 33.2863
15 12 33.3973
15 10 33.3737
15 8 33.9178
15 13 33.2863
15 12 33.3973
15 10 33.3737
15 8 33.9178
14 17 33.8899
14 17 33.8899
14 12 33.3973
14 12 33.3973
13 17 33.2863
13 16 33.2863
13 15 33.2863
13 17 33.2863
13 16 33.2863
13 15 33.2863
13 12 33.3973
13 12 33.3973
12 15 33.3973
12 14 33.3973
12 13 33.3973
12 15 33.3973
12 14 33.3973
12 13 33.3973
12 9 34.2142
12 9 34.2142
11 10 33.3737
11 6 33.1534
11 4 33.491
11 10 33.3737
11 6 33.1534
11 4 33.491
10 15 33.3737
10 11 33.3737
10 15 33.3737
10 11 33.3737
10 9 34.2142
10 8 33.9178
10 9 34.2142
10 8 33.9178
9 12 34.2142
9 10 34.2142
9 12 34.2142
9 10 34.2142
8 15 33.9178
8 10 33.9178
8 15 33.9178
8 10 33.9178
8 6 33.1534
8 6 33.1534
7 21 33.6381
7 21 33.6381
7 6 33.1534
7 5 33.1485
7 6 33.1534
7 5 33.1485
6 16 33.1534
6 11 33.1534
6 8 33.1534
6 7 33.1534
6 16 33.1534
6 11 33.1534
6 8 33.1534
6 7 33.1534
6 5 33.1485
6 5 33.1485
5 7 33.1485
5 6 33.1485
5 7 33.1485
5 6 33.1485
5 3 34.2011
5 1 34.833
5 3 34.2011
5 1 34.833
4 11 33.491
4 11 33.491
4 3 34.2011
4 2 35.684
4 0 35.5974
4 3 34.2011
4 2 35.684
4 0 35.5974
3 5 34.2011
3 4 34.2011
3 5 34.2011
3 4 34.2011
3 1 34.833
3 1 34.833
2 4 35.684
2 4 35.684
2 1 34.833
2 0 35.5974
2 1 34.833
2 0 35.5974
1 5 34.833
1 3 34.833
1 2 34.833
1 5 34.833
1 3 34.833
1 2 34.833
0 4 35.5974
0 2 35.5974
0 4 35.5974
0 2 35.5974
