@nodes
label table_size
25 325
24 325
23 325
22 325
21 325
20 325
19 325
18 325
17 325
16 325
15 325
14 325
13 325
12 325
11 325
10 325
9 325
8 325
7 325
6 325
5 325
4 325
3 325
2 325
1 325
0 325
@arcs
       bandwidth
25 20 50.4725
25 18 53.5321
25 17 42.4733
25 20 50.4725
25 18 53.5321
25 17 42.4733
24 23 47.9265
24 21 49.479
24 23 47.9265
24 21 49.479
23 24 47.9265
23 24 47.9265
23 21 49.479
23 20 50.4725
23 16 41.9904
23 21 49.479
23 20 50.4725
23 16 41.9904
22 19 52.2729
22 18 64
22 19 52.2729
22 18 64
21 24 49.479
21 23 49.479
21 24 49.479
21 23 49.479
21 7 47.0507
21 7 47.0507
20 25 50.4725
20 23 50.4725
20 25 50.4725
20 23 50.4725
20 16 41.9904
20 16 41.9904
19 22 52.2729
19 22 52.2729
19 18 52.2729
19 17 42.4733
19 18 52.2729
19 17 42.4733
18 25 53.5321
18 22 64
18 19 52.2729
18 25 53.5321
18 22 64
18 19 52.2729
17 25 42.4733
17 19 42.4733
17 25 42.4733
17 19 42.4733
17 14 63.2312
17 13 40.8061
17 14 63.2312
17 13 40.8061
16 23 41.9904
16 20 41.9904
16 23 41.9904
16 20 41.9904
16 13 40.8061
16 6 40.7175
16 13 40.8061
16 6 40.7175
15 13 40.8061
15 12 48.124
15 10 44.3662
15 8 52.1161
15 13 40.8061
15 12 48.124
15 10 44.3662
15 8 52.1161
14 17 63.2312
14 17 63.2312
14 12 48.124
14 12 48.124
13 17 40.8061
13 16 40.8061
13 15 40.8061
13 17 40.8061
13 16 40.8061
13 15 40.8061
13 12 48.124
13 12 48.124
12 15 48.124
12 14 48.124
12 13 48.124
12 15 48.124
12 14 48.124
12 13 48.124
12 9 48.124
12 9 48.124
11 10 44.3662
11 6 40.7175
11 4 45.2484
11 10 44.3662
11 6 40.7175
11 4 45.2484
10 15 44.3662
10 11 44.3662
10 15 44.3662
10 11 44.3662
10 9 44.3662
10 8 52.1161
10 9 44.3662
10 8 52.1161
9 12 48.124
9 10 44.3662
9 12 48.124
9 10 44.3662
8 15 52.1161
8 10 52.1161
8 15 52.1161
8 10 52.1161
8 6 40.7175
8 6 40.7175
7 21 47.0507
7 21 47.0507
7 6 40.7175
7 5 43.1708
7 6 40.7175
7 5 43.1708
6 16 40.7175
6 11 40.7175
6 8 40.7175
6 7 40.7175
6 16 40.7175
6 11 40.7175
6 8 40.7175
6 7 40.7175
6 5 43.1708
6 5 43.1708
5 7 43.1708
5 6 43.1708
5 7 43.1708
5 6 43.1708
5 3 61.2958
5 1 43.1708
5 3 61.2958
5 1 43.1708
4 11 45.2484
4 11 45.2484
4 3 61.2958
4 2 45.2484
4 0 45.2484
4 3 61.2958
4 2 45.2484
4 0 45.2484
3 5 61.2958
3 4 61.2958
3 5 61.2958
3 4 61.2958
3 1 61.2958
3 1 61.2958
2 4 45.2484
2 4 45.2484
2 1 64
2 0 64
2 1 64
2 0 64
1 5 43.1708
1 3 61.2958
1 2 64
1 5 43.1708
1 3 61.2958
1 2 64
0 4 45.2484
0 2 64
0 4 45.2484
0 2 64
