@pair(source-destination-demand)
0,1,10.0
1,0,11.0
0,2,11.0
2,0,8.0
0,3,2.0
3,0,12.0
0,4,14.0
4,0,7.0
0,5,6.0
5,0,1.0
0,6,7.0
6,0,10.0
0,7,2.0
7,0,12.0
0,8,11.0
8,0,1.0
0,9,11.0
9,0,3.0
0,10,14.0
10,0,2.0
0,11,6.0
11,0,7.0
0,12,5.0
12,0,11.0
0,13,3.0
13,0,8.0
0,14,6.0
14,0,5.0
0,15,14.0
15,0,12.0
0,16,13.0
16,0,13.0
0,17,10.0
17,0,9.0
0,18,1.0
18,0,14.0
0,19,7.0
19,0,13.0
0,20,6.0
20,0,9.0
0,21,12.0
21,0,1.0
0,22,2.0
22,0,3.0
0,23,2.0
23,0,11.0
0,24,3.0
24,0,11.0
0,25,7.0
25,0,5.0
0,26,11.0
26,0,14.0
1,2,4.0
2,1,6.0
1,3,13.0
3,1,13.0
1,4,14.0
4,1,13.0
1,5,12.0
5,1,12.0
1,6,11.0
6,1,8.0
1,7,4.0
7,1,14.0
1,8,7.0
8,1,11.0
1,9,11.0
9,1,10.0
1,10,4.0
10,1,9.0
1,11,5.0
11,1,4.0
1,12,11.0
12,1,9.0
1,13,9.0
13,1,10.0
1,14,9.0
14,1,7.0
1,15,11.0
15,1,6.0
1,16,10.0
16,1,8.0
1,17,11.0
17,1,5.0
1,18,4.0
18,1,6.0
1,19,3.0
19,1,14.0
1,20,11.0
20,1,14.0
1,21,11.0
21,1,1.0
1,22,10.0
22,1,13.0
1,23,1.0
23,1,11.0
1,24,6.0
24,1,8.0
1,25,5.0
25,1,1.0
1,26,10.0
26,1,11.0
2,3,2.0
3,2,3.0
2,4,3.0
4,2,14.0
2,5,4.0
5,2,9.0
2,6,10.0
6,2,9.0
2,7,10.0
7,2,8.0
2,8,7.0
8,2,13.0
2,9,2.0
9,2,7.0
2,10,5.0
10,2,2.0
2,11,7.0
11,2,9.0
2,12,8.0
12,2,12.0
2,13,4.0
13,2,14.0
2,14,9.0
14,2,7.0
2,15,3.0
15,2,11.0
2,16,3.0
16,2,14.0
2,17,10.0
17,2,14.0
2,18,7.0
18,2,12.0
2,19,10.0
19,2,10.0
2,20,12.0
20,2,14.0
2,21,13.0
21,2,8.0
2,22,14.0
22,2,8.0
2,23,12.0
23,2,6.0
2,24,4.0
24,2,3.0
2,25,9.0
25,2,12.0
2,26,13.0
26,2,9.0
3,4,4.0
4,3,11.0
3,5,9.0
5,3,1.0
3,6,1.0
6,3,4.0
3,7,11.0
7,3,3.0
3,8,2.0
8,3,13.0
3,9,14.0
9,3,5.0
3,10,6.0
10,3,13.0
3,11,11.0
11,3,7.0
3,12,7.0
12,3,10.0
3,13,11.0
13,3,13.0
3,14,12.0
14,3,12.0
3,15,7.0
15,3,13.0
3,16,6.0
16,3,10.0
3,17,1.0
17,3,6.0
3,18,6.0
18,3,10.0
3,19,11.0
19,3,8.0
3,20,10.0
20,3,1.0
3,21,11.0
21,3,9.0
3,22,2.0
22,3,11.0
3,23,14.0
23,3,7.0
3,24,14.0
24,3,9.0
3,25,9.0
25,3,9.0
3,26,4.0
26,3,9.0
4,5,3.0
5,4,3.0
4,6,4.0
6,4,5.0
4,7,9.0
7,4,7.0
4,8,12.0
8,4,3.0
4,9,10.0
9,4,12.0
4,10,3.0
10,4,8.0
4,11,4.0
11,4,5.0
4,12,4.0
12,4,9.0
4,13,7.0
13,4,14.0
4,14,7.0
14,4,8.0
4,15,7.0
15,4,14.0
4,16,14.0
16,4,14.0
4,17,7.0
17,4,4.0
4,18,4.0
18,4,12.0
4,19,3.0
19,4,4.0
4,20,12.0
20,4,7.0
4,21,13.0
21,4,11.0
4,22,7.0
22,4,8.0
4,23,6.0
23,4,14.0
4,24,6.0
24,4,12.0
4,25,10.0
25,4,3.0
4,26,7.0
26,4,10.0
5,6,14.0
6,5,2.0
5,7,4.0
7,5,10.0
5,8,14.0
8,5,7.0
5,9,10.0
9,5,12.0
5,10,9.0
10,5,5.0
5,11,12.0
11,5,1.0
5,12,2.0
12,5,3.0
5,13,14.0
13,5,14.0
5,14,9.0
14,5,1.0
5,15,14.0
15,5,6.0
5,16,9.0
16,5,7.0
5,17,2.0
17,5,9.0
5,18,12.0
18,5,4.0
5,19,3.0
19,5,8.0
5,20,1.0
20,5,2.0
5,21,13.0
21,5,5.0
5,22,9.0
22,5,5.0
5,23,4.0
23,5,8.0
5,24,8.0
24,5,3.0
5,25,14.0
25,5,13.0
5,26,6.0
26,5,1.0
6,7,3.0
7,6,4.0
6,8,3.0
8,6,1.0
6,9,8.0
9,6,1.0
6,10,14.0
10,6,7.0
6,11,4.0
11,6,11.0
6,12,8.0
12,6,4.0
6,13,6.0
13,6,5.0
6,14,14.0
14,6,7.0
6,15,9.0
15,6,9.0
6,16,11.0
16,6,4.0
6,17,13.0
17,6,2.0
6,18,2.0
18,6,3.0
6,19,5.0
19,6,5.0
6,20,3.0
20,6,9.0
6,21,8.0
21,6,5.0
6,22,11.0
22,6,5.0
6,23,2.0
23,6,12.0
6,24,7.0
24,6,5.0
6,25,1.0
25,6,5.0
6,26,1.0
26,6,6.0
7,8,8.0
8,7,6.0
7,9,5.0
9,7,6.0
7,10,5.0
10,7,14.0
7,11,7.0
11,7,8.0
7,12,7.0
12,7,11.0
7,13,6.0
13,7,14.0
7,14,2.0
14,7,4.0
7,15,1.0
15,7,4.0
7,16,3.0
16,7,10.0
7,17,5.0
17,7,13.0
7,18,13.0
18,7,3.0
7,19,2.0
19,7,7.0
7,20,4.0
20,7,1.0
7,21,4.0
21,7,2.0
7,22,1.0
22,7,14.0
7,23,1.0
23,7,4.0
7,24,5.0
24,7,10.0
7,25,1.0
25,7,11.0
7,26,4.0
26,7,7.0
8,9,5.0
9,8,10.0
8,10,2.0
10,8,3.0
8,11,1.0
11,8,13.0
8,12,12.0
12,8,6.0
8,13,5.0
13,8,12.0
8,14,2.0
14,8,10.0
8,15,12.0
15,8,10.0
8,16,5.0
16,8,1.0
8,17,4.0
17,8,11.0
8,18,9.0
18,8,2.0
8,19,5.0
19,8,11.0
8,20,7.0
20,8,3.0
8,21,11.0
21,8,13.0
8,22,8.0
22,8,8.0
8,23,7.0
23,8,10.0
8,24,2.0
24,8,14.0
8,25,4.0
25,8,9.0
8,26,5.0
26,8,9.0
9,10,3.0
10,9,4.0
9,11,13.0
11,9,11.0
9,12,8.0
12,9,7.0
9,13,10.0
13,9,14.0
9,14,3.0
14,9,14.0
9,15,6.0
15,9,14.0
9,16,8.0
16,9,8.0
9,17,11.0
17,9,5.0
9,18,1.0
18,9,4.0
9,19,13.0
19,9,2.0
9,20,6.0
20,9,12.0
9,21,9.0
21,9,5.0
9,22,11.0
22,9,14.0
9,23,3.0
23,9,6.0
9,24,6.0
24,9,11.0
9,25,7.0
25,9,7.0
9,26,13.0
26,9,12.0
10,11,7.0
11,10,1.0
10,12,8.0
12,10,6.0
10,13,4.0
13,10,11.0
10,14,5.0
14,10,6.0
10,15,4.0
15,10,7.0
10,16,12.0
16,10,13.0
10,17,12.0
17,10,12.0
10,18,2.0
18,10,2.0
10,19,5.0
19,10,1.0
10,20,10.0
20,10,13.0
10,21,8.0
21,10,13.0
10,22,8.0
22,10,1.0
10,23,7.0
23,10,1.0
10,24,3.0
24,10,11.0
10,25,5.0
25,10,4.0
10,26,10.0
26,10,10.0
11,12,5.0
12,11,5.0
11,13,13.0
13,11,3.0
11,14,6.0
14,11,7.0
11,15,9.0
15,11,1.0
11,16,8.0
16,11,10.0
11,17,7.0
17,11,5.0
11,18,5.0
18,11,2.0
11,19,13.0
19,11,4.0
11,20,4.0
20,11,14.0
11,21,12.0
21,11,7.0
11,22,11.0
22,11,10.0
11,23,1.0
23,11,10.0
11,24,4.0
24,11,11.0
11,25,13.0
25,11,13.0
11,26,4.0
26,11,7.0
12,13,10.0
13,12,10.0
12,14,12.0
14,12,7.0
12,15,8.0
15,12,1.0
12,16,6.0
16,12,6.0
12,17,14.0
17,12,8.0
12,18,6.0
18,12,3.0
12,19,5.0
19,12,14.0
12,20,6.0
20,12,2.0
12,21,3.0
21,12,3.0
12,22,10.0
22,12,5.0
12,23,9.0
23,12,7.0
12,24,3.0
24,12,7.0
12,25,13.0
25,12,4.0
12,26,8.0
26,12,11.0
13,14,2.0
14,13,1.0
13,15,2.0
15,13,9.0
13,16,5.0
16,13,1.0
13,17,9.0
17,13,8.0
13,18,14.0
18,13,9.0
13,19,13.0
19,13,2.0
13,20,12.0
20,13,13.0
13,21,6.0
21,13,13.0
13,22,12.0
22,13,3.0
13,23,9.0
23,13,5.0
13,24,4.0
24,13,12.0
13,25,3.0
25,13,1.0
13,26,3.0
26,13,5.0
14,15,5.0
15,14,9.0
14,16,4.0
16,14,9.0
14,17,9.0
17,14,13.0
14,18,12.0
18,14,7.0
14,19,3.0
19,14,3.0
14,20,11.0
20,14,5.0
14,21,1.0
21,14,4.0
14,22,3.0
22,14,14.0
14,23,2.0
23,14,11.0
14,24,2.0
24,14,12.0
14,25,12.0
25,14,8.0
14,26,11.0
26,14,3.0
15,16,14.0
16,15,12.0
15,17,13.0
17,15,9.0
15,18,10.0
18,15,8.0
15,19,6.0
19,15,14.0
15,20,2.0
20,15,2.0
15,21,12.0
21,15,2.0
15,22,7.0
22,15,7.0
15,23,11.0
23,15,13.0
15,24,4.0
24,15,10.0
15,25,6.0
25,15,13.0
15,26,11.0
26,15,11.0
16,17,10.0
17,16,13.0
16,18,12.0
18,16,13.0
16,19,4.0
19,16,5.0
16,20,3.0
20,16,1.0
16,21,7.0
21,16,6.0
16,22,3.0
22,16,1.0
16,23,6.0
23,16,9.0
16,24,11.0
24,16,11.0
16,25,6.0
25,16,11.0
16,26,14.0
26,16,3.0
17,18,11.0
18,17,7.0
17,19,6.0
19,17,5.0
17,20,14.0
20,17,9.0
17,21,11.0
21,17,8.0
17,22,7.0
22,17,7.0
17,23,3.0
23,17,12.0
17,24,6.0
24,17,8.0
17,25,2.0
25,17,11.0
17,26,2.0
26,17,14.0
18,19,9.0
19,18,1.0
18,20,12.0
20,18,12.0
18,21,3.0
21,18,14.0
18,22,8.0
22,18,4.0
18,23,7.0
23,18,2.0
18,24,14.0
24,18,9.0
18,25,12.0
25,18,13.0
18,26,10.0
26,18,3.0
19,20,5.0
20,19,11.0
19,21,1.0
21,19,6.0
19,22,7.0
22,19,7.0
19,23,5.0
23,19,3.0
19,24,14.0
24,19,8.0
19,25,12.0
25,19,7.0
19,26,10.0
26,19,12.0
20,21,3.0
21,20,13.0
20,22,13.0
22,20,8.0
20,23,3.0
23,20,1.0
20,24,9.0
24,20,2.0
20,25,10.0
25,20,7.0
20,26,3.0
26,20,10.0
21,22,4.0
22,21,13.0
21,23,4.0
23,21,6.0
21,24,13.0
24,21,1.0
21,25,10.0
25,21,8.0
21,26,3.0
26,21,9.0
22,23,10.0
23,22,9.0
22,24,3.0
24,22,11.0
22,25,6.0
25,22,10.0
22,26,14.0
26,22,12.0
23,24,12.0
24,23,5.0
23,25,6.0
25,23,11.0
23,26,14.0
26,23,3.0
24,25,7.0
25,24,2.0
24,26,8.0
26,24,7.0
25,26,9.0
26,25,11.0
