@nodes
label table_size
0 351
1 351
2 351
3 351
4 351
5 351
6 351
7 351
8 351
9 351
10 351
11 351
12 351
13 351
14 351
15 351
16 351
17 351
18 351
19 351
20 351
21 351
22 351
23 351
24 351
25 351
26 351
@arcs
    bandwidth
0 1 1000.0
1 0 1000.0
1 2 1000.0
2 1 1000.0
2 3 1000.0
3 2 1000.0
3 4 1000.0
4 3 1000.0
4 5 1000.0
5 4 1000.0
5 6 1000.0
6 5 1000.0
6 7 1000.0
7 6 1000.0
7 8 1000.0
8 7 1000.0
8 9 1000.0
9 8 1000.0
8 11 1000.0
11 8 1000.0
9 11 1000.0
11 9 1000.0
10 11 1000.0
11 10 1000.0
9 10 1000.0
10 9 1000.0
10 25 1000.0
25 10 1000.0
24 25 1000.0
25 24 1000.0
22 24 1000.0
24 22 1000.0
23 24 1000.0
24 23 1000.0
22 23 1000.0
23 22 1000.0
21 23 1000.0
23 21 1000.0
22 26 1000.0
26 22 1000.0
21 22 1000.0
22 21 1000.0
20 21 1000.0
21 20 1000.0
0 20 1000.0
20 0 1000.0
19 20 1000.0
20 19 1000.0
0 19 1000.0
19 0 1000.0
19 21 1000.0
21 19 1000.0
1 19 1000.0
19 1 1000.0
19 26 1000.0
26 19 1000.0
21 26 1000.0
26 21 1000.0
18 19 1000.0
19 18 1000.0
18 26 1000.0
26 18 1000.0
3 18 1000.0
18 3 1000.0
17 18 1000.0
18 17 1000.0
15 18 1000.0
18 15 1000.0
18 23 1000.0
23 18 1000.0
15 23 1000.0
23 15 1000.0
15 25 1000.0
25 15 1000.0
14 15 1000.0
15 14 1000.0
10 14 1000.0
14 10 1000.0
12 14 1000.0
14 12 1000.0
15 16 1000.0
16 15 1000.0
15 17 1000.0
17 15 1000.0
16 17 1000.0
17 16 1000.0
4 17 1000.0
17 4 1000.0
13 16 1000.0
16 13 1000.0
4 13 1000.0
13 4 1000.0
5 13 1000.0
13 5 1000.0
6 13 1000.0
13 6 1000.0
12 16 1000.0
16 12 1000.0
11 12 1000.0
12 11 1000.0
23 26 1000.0
26 23 1000.0
