@nodes
label table_size
16 60
15 60
14 60
13 60
12 60
11 60
10 60
9 60
8 60
7 60
6 60
5 60
4 60
3 60
2 60
1 60
0 60
@arcs
       bandwidth
16 8 14.6875
16 0 14.5455
16 1 13.7975
16 5 16.25
15 1 13.7975
15 14 20
15 13 16.6667
14 15 20
14 12 20
13 3 16.6667
13 15 16.6667
13 0 14.5455
13 12 16.6667
12 14 20
12 13 16.6667
11 10 20
11 1 13.7975
10 9 18.1081
10 11 20
9 7 18.1081
9 8 14.6875
9 10 18.1081
8 9 14.6875
8 6 14.6875
8 16 14.6875
8 1 13.7975
7 9 18.1081
7 6 20
6 7 20
6 8 14.6875
5 16 16.25
5 0 14.5455
5 2 20
4 3 20
4 0 14.5455
4 2 20
3 13 16.6667
3 4 20
2 0 14.5455
2 4 20
2 5 20
1 8 13.7975
1 11 13.7975
1 16 13.7975
1 15 13.7975
1 0 14.5455
0 16 14.5455
0 2 14.5455
0 1 14.5455
0 13 14.5455
0 4 14.5455
0 5 14.5455
