@nodes
label table_size
16 60
15 60
14 60
13 60
12 60
11 60
10 60
9 60
8 60
7 60
6 60
5 60
4 60
3 60
2 60
1 60
0 60
@arcs
       bandwidth
16 8 15.6604
16 0 15.3571
16 1 15
16 5 17.6923
15 1 15
15 14 20
15 13 18.1081
14 15 20
14 12 20
13 3 18.1081
13 15 18.1081
13 0 15.3571
13 12 18.1081
12 14 20
12 13 18.1081
11 10 20
11 1 15
10 9 20
10 11 20
9 7 20
9 8 15.6604
9 10 20
8 9 15.6604
8 6 15.6604
8 16 15.6604
8 1 15
7 9 20
7 6 20
6 7 20
6 8 15.6604
5 16 17.6923
5 0 15.3571
5 2 20
4 3 20
4 0 15.3571
4 2 20
3 13 18.1081
3 4 20
2 0 15.3571
2 4 20
2 5 20
1 8 15
1 11 15
1 16 15
1 15 15
1 0 15.3571
0 16 15.3571
0 2 15.3571
0 1 15.3571
0 13 15.3571
0 4 15.3571
0 5 15.3571
