@nodes
label table_size
16 60
15 60
14 60
13 60
12 60
11 60
10 60
9 60
8 60
7 60
6 60
5 60
4 60
3 60
2 60
1 60
0 60
@arcs
       bandwidth
16 8 13.2258
16 0 13.0928
16 1 13.1579
16 5 13.9474
15 1 13.1579
15 14 20
15 13 14.6875
14 15 20
14 12 20
13 3 14.6875
13 15 14.6875
13 0 13.0928
13 12 14.6875
12 14 20
12 13 14.6875
11 10 20
11 1 13.1579
10 9 15.7692
10 11 20
9 7 15.7692
9 8 13.2258
9 10 15.7692
8 9 13.2258
8 6 13.2258
8 16 13.2258
8 1 13.1579
7 9 15.7692
7 6 20
6 7 20
6 8 13.2258
5 16 13.9474
5 0 13.0928
5 2 20
4 3 20
4 0 13.0928
4 2 20
3 13 14.6875
3 4 20
2 0 13.0928
2 4 20
2 5 20
1 8 13.1579
1 11 13.1579
1 16 13.1579
1 15 13.1579
1 0 13.0928
0 16 13.0928
0 2 13.0928
0 1 13.0928
0 13 13.0928
0 4 13.0928
0 5 13.0928
