@nodes
label table_size
0 60
1 60
2 60
3 60
4 60
5 60
6 60
7 60
8 60
9 60
10 60
11 60
12 60
13 60
14 60
15 60
16 60
@arcs
    bandwidth
5 2 20.0
2 5 20.0
5 0 20.0
0 5 20.0
5 16 20.0
16 5 20.0
4 2 20.0
2 4 20.0
4 0 20.0
0 4 20.0
4 3 20.0
3 4 20.0
13 12 20.0
12 13 20.0
13 0 20.0
0 13 20.0
13 15 20.0
15 13 20.0
13 3 20.0
3 13 20.0
14 12 20.0
12 14 20.0
14 15 20.0
15 14 20.0
1 0 20.0
0 1 20.0
1 15 20.0
15 1 20.0
1 16 20.0
16 1 20.0
1 11 20.0
11 1 20.0
1 8 20.0
8 1 20.0
2 0 20.0
0 2 20.0
0 16 20.0
16 0 20.0
10 11 20.0
11 10 20.0
10 9 20.0
9 10 20.0
16 8 20.0
8 16 20.0
6 8 20.0
8 6 20.0
6 7 20.0
7 6 20.0
8 9 20.0
9 8 20.0
9 7 20.0
7 9 20.0
