@nodes
label table_size
13 36
12 36
11 36
10 36
9 36
8 36
7 36
6 36
5 36
4 36
3 36
2 36
1 36
0 36
@arcs
       bandwidth
13 5 19.2497
13 1 20
13 0 20
12 6 19.4326
12 2 19.086
12 0 19.086
11 4 19.5323
11 3 19.5323
11 2 19.5323
11 1 19.5323
10 9 19.6383
10 8 19.6383
10 5 19.2497
10 4 19.6383
9 10 19.6383
9 6 19.4326
9 3 20
8 10 19.6383
8 6 19.4326
8 3 20
7 5 19.2497
7 2 20
6 12 19.4326
6 9 19.4326
6 8 19.4326
5 13 19.2497
5 10 19.2497
5 7 19.2497
4 11 19.5323
4 10 19.6383
3 11 19.5323
3 9 20
3 8 20
2 12 19.086
2 11 19.5323
2 7 20
1 13 20
1 11 19.5323
1 0 20
0 13 20
0 12 19.086
0 1 20
