@nodes
label table_size
21 231
20 231
19 231
18 231
17 231
16 231
15 231
14 231
13 231
12 231
11 231
10 231
9 231
8 231
7 231
6 231
5 231
4 231
3 231
2 231
1 231
0 231
@arcs
       bandwidth
21 18 40000
21 17 40000
21 15 40000
21 14 40000
21 10 40000
21 6 40000
20 9 40000
20 3 40000
19 8 40000
19 0 37701.1
18 21 40000
18 16 40000
18 4 32727.3
17 21 40000
17 5 40000
16 18 40000
16 3 40000
15 21 40000
15 0 37701.1
14 21 40000
14 11 40000
14 4 32727.3
14 1 40000
13 6 40000
13 1 40000
12 11 40000
12 7 40000
12 5 40000
12 4 32727.3
12 2 40000
11 14 40000
11 12 40000
10 21 40000
10 4 32727.3
9 20 40000
9 8 40000
9 0 37701.1
8 19 40000
8 9 40000
7 12 40000
7 4 32727.3
6 21 40000
6 13 40000
6 5 40000
6 4 32727.3
6 2 40000
6 1 40000
5 17 40000
5 12 40000
5 6 40000
4 18 32727.3
4 14 32727.3
4 12 32727.3
4 10 32727.3
4 7 32727.3
4 6 32727.3
4 3 32727.3
4 0 37701.1
3 20 40000
3 16 40000
3 4 32727.3
2 12 40000
2 6 40000
2 0 37701.1
1 14 40000
1 13 40000
1 6 40000
0 19 37701.1
0 15 37701.1
0 9 37701.1
0 4 37701.1
0 2 37701.1
