@nodes
label table_size
21 231
20 231
19 231
18 231
17 231
16 231
15 231
14 231
13 231
12 231
11 231
10 231
9 231
8 231
7 231
6 231
5 231
4 231
3 231
2 231
1 231
0 231
@arcs
       bandwidth
21 18 40000
21 17 40000
21 15 40000
21 14 40000
21 10 40000
21 6 36800
20 9 40000
20 3 40000
19 8 40000
19 0 31464
18 21 40000
18 16 40000
18 4 26864.8
17 21 40000
17 5 40000
16 18 40000
16 3 40000
15 21 40000
15 0 31464
14 21 40000
14 11 40000
14 4 26864.8
14 1 40000
13 6 36800
13 1 40000
12 11 39493.7
12 7 39493.7
12 5 39493.7
12 4 26864.8
12 2 39493.7
11 14 40000
11 12 39493.7
10 21 40000
10 4 26864.8
9 20 40000
9 8 40000
9 0 31464
8 19 40000
8 9 40000
7 12 39493.7
7 4 26864.8
6 21 36800
6 13 36800
6 5 36800
6 4 26864.8
6 2 36800
6 1 36800
5 17 40000
5 12 39493.7
5 6 36800
4 18 26864.8
4 14 26864.8
4 12 26864.8
4 10 26864.8
4 7 26864.8
4 6 26864.8
4 3 26864.8
4 0 31464
3 20 40000
3 16 40000
3 4 26864.8
2 12 39493.7
2 6 36800
2 0 31464
1 14 40000
1 13 40000
1 6 36800
0 19 31464
0 15 31464
0 9 31464
0 4 31464
0 2 31464
