@nodes
label table_size
21 231
20 231
19 231
18 231
17 231
16 231
15 231
14 231
13 231
12 231
11 231
10 231
9 231
8 231
7 231
6 231
5 231
4 231
3 231
2 231
1 231
0 231
@arcs
       bandwidth
21 18 33469.4
21 17 33469.4
21 15 33469.4
21 14 33469.4
21 10 33469.4
21 6 31295.8
20 9 40000
20 3 34951.5
19 8 40000
19 0 29486.7
18 21 33469.4
18 16 40000
18 4 25416.2
17 21 33469.4
17 5 40000
16 18 40000
16 3 34951.5
15 21 33469.4
15 0 29486.7
14 21 33469.4
14 11 40000
14 4 25416.2
14 1 40000
13 6 31295.8
13 1 40000
12 11 34128.4
12 7 34128.4
12 5 34128.4
12 4 25416.2
12 2 34128.4
11 14 40000
11 12 34128.4
10 21 33469.4
10 4 25416.2
9 20 40000
9 8 40000
9 0 29486.7
8 19 40000
8 9 40000
7 12 34128.4
7 4 25416.2
6 21 31295.8
6 13 31295.8
6 5 31295.8
6 4 25416.2
6 2 31295.8
6 1 31295.8
5 17 40000
5 12 34128.4
5 6 31295.8
4 18 25416.2
4 14 25416.2
4 12 25416.2
4 10 25416.2
4 7 25416.2
4 6 25416.2
4 3 34951.5
4 0 29486.7
3 20 34951.5
3 16 34951.5
3 4 34951.5
2 12 34128.4
2 6 31295.8
2 0 29486.7
1 14 40000
1 13 40000
1 6 31295.8
0 19 29486.7
0 15 29486.7
0 9 29486.7
0 4 29486.7
0 2 29486.7
