@nodes
label table_size
21 231
20 231
19 231
18 231
17 231
16 231
15 231
14 231
13 231
12 231
11 231
10 231
9 231
8 231
7 231
6 231
5 231
4 231
3 231
2 231
1 231
0 231
@arcs
       bandwidth
21 18 36325.1
21 17 36325.1
21 15 36325.1
21 14 36325.1
21 10 36325.1
21 6 32727.3
20 9 40000
20 3 34760.4
19 8 40000
19 0 30669.7
18 21 36325.1
18 16 40000
18 4 25196.9
17 21 36325.1
17 5 40000
16 18 40000
16 3 34760.4
15 21 36325.1
15 0 30669.7
14 21 36325.1
14 11 40000
14 4 25196.9
14 1 40000
13 6 32727.3
13 1 40000
12 11 33391.3
12 7 33391.3
12 5 33391.3
12 4 25196.9
12 2 33391.3
11 14 40000
11 12 33391.3
10 21 36325.1
10 4 25196.9
9 20 40000
9 8 40000
9 0 30669.7
8 19 40000
8 9 40000
7 12 33391.3
7 4 25196.9
6 21 32727.3
6 13 32727.3
6 5 32727.3
6 4 25196.9
6 2 32727.3
6 1 32727.3
5 17 40000
5 12 33391.3
5 6 32727.3
4 18 25196.9
4 14 25196.9
4 12 25196.9
4 10 25196.9
4 7 25196.9
4 6 25196.9
4 3 34760.4
4 0 30669.7
3 20 34760.4
3 16 34760.4
3 4 34760.4
2 12 33391.3
2 6 32727.3
2 0 30669.7
1 14 40000
1 13 40000
1 6 32727.3
0 19 30669.7
0 15 30669.7
0 9 30669.7
0 4 30669.7
0 2 30669.7
