@nodes
label table_size
0 231
1 231
2 231
3 231
4 231
5 231
6 231
7 231
8 231
9 231
10 231
11 231
12 231
13 231
14 231
15 231
16 231
17 231
18 231
19 231
20 231
21 231
@arcs
    bandwidth
0 2 40000.0
2 0 40000.0
0 4 40000.0
4 0 40000.0
0 9 40000.0
9 0 40000.0
0 15 40000.0
15 0 40000.0
0 19 40000.0
19 0 40000.0
1 6 40000.0
6 1 40000.0
1 13 40000.0
13 1 40000.0
1 14 40000.0
14 1 40000.0
2 6 40000.0
6 2 40000.0
2 12 40000.0
12 2 40000.0
3 4 40000.0
4 3 40000.0
3 16 40000.0
16 3 40000.0
3 20 40000.0
20 3 40000.0
4 6 40000.0
6 4 40000.0
4 7 40000.0
7 4 40000.0
4 10 40000.0
10 4 40000.0
4 12 40000.0
12 4 40000.0
4 14 40000.0
14 4 40000.0
4 18 40000.0
18 4 40000.0
5 6 40000.0
6 5 40000.0
5 12 40000.0
12 5 40000.0
5 17 40000.0
17 5 40000.0
6 13 40000.0
13 6 40000.0
6 21 40000.0
21 6 40000.0
7 12 40000.0
12 7 40000.0
8 9 40000.0
9 8 40000.0
8 19 40000.0
19 8 40000.0
9 20 40000.0
20 9 40000.0
10 21 40000.0
21 10 40000.0
11 12 40000.0
12 11 40000.0
11 14 40000.0
14 11 40000.0
14 21 40000.0
21 14 40000.0
15 21 40000.0
21 15 40000.0
16 18 40000.0
18 16 40000.0
17 21 40000.0
21 17 40000.0
18 21 40000.0
21 18 40000.0
