@nodes
label table_size
9 45
8 45
7 45
6 45
5 45
4 45
3 45
2 45
1 45
0 45
@arcs
       bandwidth
9 0 48219.2
9 2 71578.9
9 3 76734.7
9 5 71578.9
9 7 66865.7
9 4 69508.2
9 6 71578.9
9 1 76734.7
9 8 73962.3
8 0 48219.2
8 7 66865.7
8 1 76734.7
8 5 71578.9
8 3 76734.7
8 4 69508.2
8 6 73962.3
8 2 71578.9
8 9 73962.3
7 8 66865.7
7 4 69508.2
7 3 76734.7
7 9 66865.7
7 0 48219.2
7 1 76734.7
7 6 66865.7
7 5 71578.9
7 2 71578.9
6 1 76734.7
6 0 48219.2
6 5 71578.9
6 3 76734.7
6 7 66865.7
6 8 73962.3
6 4 69508.2
6 2 71578.9
6 9 71578.9
5 6 71578.9
5 8 71578.9
5 0 48219.2
5 3 76734.7
5 9 71578.9
5 1 76734.7
5 7 71578.9
5 4 69508.2
5 2 71578.9
4 0 48219.2
4 7 69508.2
4 1 76734.7
4 9 69508.2
4 8 69508.2
4 6 69508.2
4 5 69508.2
4 3 76734.7
4 2 71578.9
3 5 76734.7
3 6 76734.7
3 7 76734.7
3 8 76734.7
3 2 71578.9
3 9 76734.7
3 1 76734.7
3 4 76734.7
3 0 48219.2
2 3 71578.9
2 1 76734.7
2 0 48219.2
2 9 71578.9
2 6 71578.9
2 5 71578.9
2 7 71578.9
2 8 71578.9
2 4 71578.9
1 8 76734.7
1 4 76734.7
1 0 48219.2
1 6 76734.7
1 2 76734.7
1 7 76734.7
1 5 76734.7
1 3 76734.7
1 9 76734.7
0 4 48219.2
0 8 48219.2
0 1 48219.2
0 6 48219.2
0 5 48219.2
0 2 48219.2
0 9 48219.2
0 7 48219.2
0 3 48219.2
