@nodes
label table_size
9 45
8 45
7 45
6 45
5 45
4 45
3 45
2 45
1 45
0 45
@arcs
       bandwidth
9 0 52244.9
9 2 80000
9 3 80000
9 5 80000
9 7 80000
9 4 80000
9 6 80000
9 1 80000
9 8 80000
8 0 52244.9
8 7 80000
8 1 80000
8 5 80000
8 3 80000
8 4 80000
8 6 80000
8 2 80000
8 9 80000
7 8 80000
7 4 80000
7 3 80000
7 9 80000
7 0 52244.9
7 1 80000
7 6 80000
7 5 80000
7 2 80000
6 1 80000
6 0 52244.9
6 5 80000
6 3 80000
6 7 80000
6 8 80000
6 4 80000
6 2 80000
6 9 80000
5 6 80000
5 8 80000
5 0 52244.9
5 3 80000
5 9 80000
5 1 80000
5 7 80000
5 4 80000
5 2 80000
4 0 52244.9
4 7 80000
4 1 80000
4 9 80000
4 8 80000
4 6 80000
4 5 80000
4 3 80000
4 2 80000
3 5 80000
3 6 80000
3 7 80000
3 8 80000
3 2 80000
3 9 80000
3 1 80000
3 4 80000
3 0 52244.9
2 3 80000
2 1 80000
2 0 52244.9
2 9 80000
2 6 80000
2 5 80000
2 7 80000
2 8 80000
2 4 80000
1 8 80000
1 4 80000
1 0 52244.9
1 6 80000
1 2 80000
1 7 80000
1 5 80000
1 3 80000
1 9 80000
0 4 52244.9
0 8 52244.9
0 1 52244.9
0 6 52244.9
0 5 52244.9
0 2 52244.9
0 9 52244.9
0 7 52244.9
0 3 52244.9
