@nodes
label table_size
9 45
8 45
7 45
6 45
5 45
4 45
3 45
2 45
1 45
0 45
@arcs
       bandwidth
9 0 47003.9
9 2 63376.6
9 3 65352.1
9 5 63376.6
9 7 60689.7
9 4 66087
9 6 66087
9 1 61686.7
9 8 62784.8
8 0 47003.9
8 7 60689.7
8 1 61686.7
8 5 63376.6
8 3 65352.1
8 4 66087
8 6 66087
8 2 63376.6
8 9 62784.8
7 8 60689.7
7 4 66087
7 3 65352.1
7 9 60689.7
7 0 47003.9
7 1 61686.7
7 6 66087
7 5 63376.6
7 2 63376.6
6 1 61686.7
6 0 47003.9
6 5 63376.6
6 3 65352.1
6 7 66087
6 8 66087
6 4 66087
6 2 63376.6
6 9 66087
5 6 63376.6
5 8 63376.6
5 0 47003.9
5 3 65352.1
5 9 63376.6
5 1 61686.7
5 7 63376.6
5 4 66087
5 2 63376.6
4 0 47003.9
4 7 66087
4 1 61686.7
4 9 66087
4 8 66087
4 6 66087
4 5 66087
4 3 65352.1
4 2 63376.6
3 5 65352.1
3 6 65352.1
3 7 65352.1
3 8 65352.1
3 2 63376.6
3 9 65352.1
3 1 61686.7
3 4 65352.1
3 0 47003.9
2 3 63376.6
2 1 61686.7
2 0 47003.9
2 9 63376.6
2 6 63376.6
2 5 63376.6
2 7 63376.6
2 8 63376.6
2 4 63376.6
1 8 61686.7
1 4 61686.7
1 0 47003.9
1 6 61686.7
1 2 61686.7
1 7 61686.7
1 5 61686.7
1 3 61686.7
1 9 61686.7
0 4 47003.9
0 8 47003.9
0 1 47003.9
0 6 47003.9
0 5 47003.9
0 2 47003.9
0 9 47003.9
0 7 47003.9
0 3 47003.9
