@nodes
label table_size
9 45
8 45
7 45
6 45
5 45
4 45
3 45
2 45
1 45
0 45
@arcs
       bandwidth
9 0 43550.3
9 2 49230.8
9 3 49424.1
9 5 49230.8
9 7 48695.7
9 4 50650.9
9 6 50055.9
9 1 45438.1
9 8 48294.9
8 0 43550.3
8 7 48695.7
8 1 45438.1
8 5 49230.8
8 3 49424.1
8 4 50650.9
8 6 50055.9
8 2 49230.8
8 9 48294.9
7 8 48695.7
7 4 50650.9
7 3 49424.1
7 9 48695.7
7 0 43550.3
7 1 45438.1
7 6 50055.9
7 5 49230.8
7 2 49230.8
6 1 45438.1
6 0 43550.3
6 5 49230.8
6 3 49424.1
6 7 50055.9
6 8 50055.9
6 4 50650.9
6 2 49230.8
6 9 50055.9
5 6 49230.8
5 8 49230.8
5 0 43550.3
5 3 49424.1
5 9 49230.8
5 1 45438.1
5 7 49230.8
5 4 50650.9
5 2 49230.8
4 0 43550.3
4 7 50650.9
4 1 45438.1
4 9 50650.9
4 8 50650.9
4 6 50650.9
4 5 50650.9
4 3 49424.1
4 2 49230.8
3 5 49424.1
3 6 49424.1
3 7 49424.1
3 8 49424.1
3 2 49230.8
3 9 49424.1
3 1 45438.1
3 4 49424.1
3 0 43550.3
2 3 49230.8
2 1 45438.1
2 0 43550.3
2 9 49230.8
2 6 49230.8
2 5 49230.8
2 7 49230.8
2 8 49230.8
2 4 49230.8
1 8 45438.1
1 4 45438.1
1 0 43550.3
1 6 45438.1
1 2 45438.1
1 7 45438.1
1 5 45438.1
1 3 45438.1
1 9 45438.1
0 4 43550.3
0 8 43550.3
0 1 43550.3
0 6 43550.3
0 5 43550.3
0 2 43550.3
0 9 43550.3
0 7 43550.3
0 3 43550.3
