@nodes
label table_size
9 45
8 45
7 45
6 45
5 45
4 45
3 45
2 45
1 45
0 45
@arcs
       bandwidth
9 0 45013.9
9 2 56513.8
9 3 59780.2
9 5 59780.2
9 7 55929.2
9 4 59354.8
9 6 59354.8
9 1 57142.9
9 8 56822.4
8 0 45013.9
8 7 55929.2
8 1 57142.9
8 5 59780.2
8 3 59780.2
8 4 59354.8
8 6 59354.8
8 2 56513.8
8 9 56822.4
7 8 55929.2
7 4 59354.8
7 3 59780.2
7 9 55929.2
7 0 45013.9
7 1 57142.9
7 6 59354.8
7 5 59780.2
7 2 56513.8
6 1 57142.9
6 0 45013.9
6 5 59780.2
6 3 59780.2
6 7 59354.8
6 8 59354.8
6 4 59354.8
6 2 56513.8
6 9 59354.8
5 6 59780.2
5 8 59780.2
5 0 45013.9
5 3 59780.2
5 9 59780.2
5 1 57142.9
5 7 59780.2
5 4 59354.8
5 2 56513.8
4 0 45013.9
4 7 59354.8
4 1 57142.9
4 9 59354.8
4 8 59354.8
4 6 59354.8
4 5 59354.8
4 3 59780.2
4 2 56513.8
3 5 59780.2
3 6 59780.2
3 7 59780.2
3 8 59780.2
3 2 56513.8
3 9 59780.2
3 1 57142.9
3 4 59780.2
3 0 45013.9
2 3 56513.8
2 1 57142.9
2 0 45013.9
2 9 56513.8
2 6 56513.8
2 5 56513.8
2 7 56513.8
2 8 56513.8
2 4 56513.8
1 8 57142.9
1 4 57142.9
1 0 45013.9
1 6 57142.9
1 2 57142.9
1 7 57142.9
1 5 57142.9
1 3 57142.9
1 9 57142.9
0 4 45013.9
0 8 45013.9
0 1 45013.9
0 6 45013.9
0 5 45013.9
0 2 45013.9
0 9 45013.9
0 7 45013.9
0 3 45013.9
