@nodes
label table_size
9 45
8 45
7 45
6 45
5 45
4 45
3 45
2 45
1 45
0 45
@arcs
       bandwidth
9 0 45373.1
9 2 55652.2
9 3 59354.8
9 5 58556.7
9 7 54173.2
9 4 57821.8
9 6 55652.2
9 1 54400
9 8 57142.9
8 0 45373.1
8 7 54173.2
8 1 54400
8 5 58556.7
8 3 59354.8
8 4 57821.8
8 6 55652.2
8 2 55652.2
8 9 57142.9
7 8 54173.2
7 4 57821.8
7 3 59354.8
7 9 54173.2
7 0 45373.1
7 1 54400
7 6 55652.2
7 5 58556.7
7 2 55652.2
6 1 54400
6 0 45373.1
6 5 58556.7
6 3 59354.8
6 7 55652.2
6 8 55652.2
6 4 57821.8
6 2 55652.2
6 9 55652.2
5 6 58556.7
5 8 58556.7
5 0 45373.1
5 3 59354.8
5 9 58556.7
5 1 54400
5 7 58556.7
5 4 57821.8
5 2 55652.2
4 0 45373.1
4 7 57821.8
4 1 54400
4 9 57821.8
4 8 57821.8
4 6 57821.8
4 5 57821.8
4 3 59354.8
4 2 55652.2
3 5 59354.8
3 6 59354.8
3 7 59354.8
3 8 59354.8
3 2 55652.2
3 9 59354.8
3 1 54400
3 4 59354.8
3 0 45373.1
2 3 55652.2
2 1 54400
2 0 45373.1
2 9 55652.2
2 6 55652.2
2 5 55652.2
2 7 55652.2
2 8 55652.2
2 4 55652.2
1 8 54400
1 4 54400
1 0 45373.1
1 6 54400
1 2 54400
1 7 54400
1 5 54400
1 3 54400
1 9 54400
0 4 45373.1
0 8 45373.1
0 1 45373.1
0 6 45373.1
0 5 45373.1
0 2 45373.1
0 9 45373.1
0 7 45373.1
0 3 45373.1
