@nodes
label table_size
9 45
8 45
7 45
6 45
5 45
4 45
3 45
2 45
1 45
0 45
@arcs
       bandwidth
9 0 50055.9
9 2 76734.7
9 3 75294.1
9 5 73962.3
9 7 71578.9
9 4 73962.3
9 6 72727.3
9 1 76734.7
9 8 75294.1
8 0 50055.9
8 7 71578.9
8 1 76734.7
8 5 73962.3
8 3 80000
8 4 73962.3
8 6 72727.3
8 2 76734.7
8 9 75294.1
7 8 71578.9
7 4 73962.3
7 3 71578.9
7 9 71578.9
7 0 50055.9
7 1 76734.7
7 6 72727.3
7 5 73962.3
7 2 76734.7
6 1 76734.7
6 0 50055.9
6 5 73962.3
6 3 72727.3
6 7 72727.3
6 8 72727.3
6 4 73962.3
6 2 76734.7
6 9 72727.3
5 6 73962.3
5 8 73962.3
5 0 50055.9
5 3 73962.3
5 9 73962.3
5 1 76734.7
5 7 73962.3
5 4 73962.3
5 2 76734.7
4 0 50055.9
4 7 73962.3
4 1 76734.7
4 9 73962.3
4 8 73962.3
4 6 73962.3
4 5 73962.3
4 3 73962.3
4 2 76734.7
3 5 73962.3
3 6 72727.3
3 7 71578.9
3 8 80000
3 2 76734.7
3 9 75294.1
3 1 76734.7
3 4 73962.3
3 0 50055.9
2 3 76734.7
2 1 76734.7
2 0 50055.9
2 9 76734.7
2 6 76734.7
2 5 76734.7
2 7 76734.7
2 8 76734.7
2 4 76734.7
1 8 76734.7
1 4 76734.7
1 0 50055.9
1 6 76734.7
1 2 76734.7
1 7 76734.7
1 5 76734.7
1 3 76734.7
1 9 76734.7
0 4 50055.9
0 8 50055.9
0 1 50055.9
0 6 50055.9
0 5 50055.9
0 2 50055.9
0 9 50055.9
0 7 50055.9
0 3 50055.9
