@nodes
label table_size
9 45
8 45
7 45
6 45
5 45
4 45
3 45
2 45
1 45
0 45
@arcs
       bandwidth
9 0 49625.7
9 2 71578.9
9 3 71578.9
9 5 75294.1
9 7 71578.9
9 4 71578.9
9 6 78297.9
9 1 71578.9
9 8 75294.1
8 0 49625.7
8 7 71578.9
8 1 71578.9
8 5 75294.1
8 3 75294.1
8 4 75294.1
8 6 78297.9
8 2 75294.1
8 9 75294.1
7 8 71578.9
7 4 71578.9
7 3 71578.9
7 9 71578.9
7 0 49625.7
7 1 71578.9
7 6 78297.9
7 5 75294.1
7 2 71578.9
6 1 71578.9
6 0 49625.7
6 5 75294.1
6 3 78297.9
6 7 78297.9
6 8 78297.9
6 4 78297.9
6 2 78297.9
6 9 78297.9
5 6 75294.1
5 8 75294.1
5 0 49625.7
5 3 75294.1
5 9 75294.1
5 1 71578.9
5 7 75294.1
5 4 75294.1
5 2 75294.1
4 0 49625.7
4 7 71578.9
4 1 71578.9
4 9 71578.9
4 8 75294.1
4 6 78297.9
4 5 75294.1
4 3 80000
4 2 80000
3 5 75294.1
3 6 78297.9
3 7 71578.9
3 8 75294.1
3 2 80000
3 9 71578.9
3 1 71578.9
3 4 80000
3 0 49625.7
2 3 80000
2 1 71578.9
2 0 49625.7
2 9 71578.9
2 6 78297.9
2 5 75294.1
2 7 71578.9
2 8 75294.1
2 4 80000
1 8 71578.9
1 4 71578.9
1 0 49625.7
1 6 71578.9
1 2 71578.9
1 7 71578.9
1 5 71578.9
1 3 71578.9
1 9 71578.9
0 4 49625.7
0 8 49625.7
0 1 49625.7
0 6 49625.7
0 5 49625.7
0 2 49625.7
0 9 49625.7
0 7 49625.7
0 3 49625.7
