@nodes
label table_size
26 33
25 33
24 33
23 33
22 33
21 33
20 33
19 33
18 33
17 33
16 33
15 33
14 33
13 33
12 33
11 33
10 33
9 33
8 33
7 33
6 33
5 33
4 33
3 33
2 33
1 33
0 33
@arcs
       bandwidth
26 18 21.6137
26 18 21.6137
26 21 22.7615
26 21 22.7615
26 19 22.6506
26 19 22.6506
26 22 23.3846
26 22 23.3846
26 23 22.4906
26 23 22.4906
25 15 21.3387
25 15 21.3387
25 24 22.9075
25 24 22.9075
25 10 21.982
25 10 21.982
24 23 22.4906
24 23 22.4906
24 22 23.3846
24 22 23.3846
24 25 22.9075
24 25 22.9075
23 15 21.3387
23 15 21.3387
23 18 21.6137
23 18 21.6137
23 21 22.7615
23 21 22.7615
23 22 23.3846
23 22 23.3846
23 24 22.4906
23 24 22.4906
23 26 22.4906
23 26 22.4906
22 21 22.7615
22 21 22.7615
22 26 23.3846
22 26 23.3846
22 23 23.3846
22 23 23.3846
22 24 23.3846
22 24 23.3846
21 26 22.7615
21 26 22.7615
21 19 22.6506
21 19 22.6506
21 20 24.8175
21 20 24.8175
21 22 22.7615
21 22 22.7615
21 23 22.7615
21 23 22.7615
20 19 22.6506
20 19 22.6506
20 0 25.4545
20 0 25.4545
20 21 24.8175
20 21 24.8175
19 18 21.6137
19 18 21.6137
19 26 22.6506
19 26 22.6506
19 1 23.4197
19 1 23.4197
19 21 22.6506
19 21 22.6506
19 0 25.4545
19 0 25.4545
19 20 22.6506
19 20 22.6506
18 23 21.6137
18 23 21.6137
18 15 21.3387
18 15 21.3387
18 17 22.1639
18 17 22.1639
18 3 22.6295
18 3 22.6295
18 26 21.6137
18 26 21.6137
18 19 21.6137
18 19 21.6137
17 4 21.7143
17 4 21.7143
17 16 21.7984
17 16 21.7984
17 15 21.3387
17 15 21.3387
17 18 22.1639
17 18 22.1639
16 12 22.7386
16 12 22.7386
16 13 23.2195
16 13 23.2195
16 17 21.7984
16 17 21.7984
16 15 21.3387
16 15 21.3387
15 17 21.3387
15 17 21.3387
15 16 21.3387
15 16 21.3387
15 14 22.716
15 14 22.716
15 25 21.3387
15 25 21.3387
15 23 21.3387
15 23 21.3387
15 18 21.3387
15 18 21.3387
14 12 22.7386
14 12 22.7386
14 10 21.982
14 10 21.982
14 15 22.716
14 15 22.716
13 6 23.0137
13 6 23.0137
13 5 22.1782
13 5 22.1782
13 4 21.7143
13 4 21.7143
13 16 23.2195
13 16 23.2195
12 11 22.6939
12 16 22.7386
12 16 22.7386
12 14 22.7386
12 14 22.7386
12 11 22.6939
11 12 22.6939
11 10 21.982
11 10 21.982
11 9 23.6872
11 9 23.6872
11 8 21.8384
11 8 21.8384
11 12 22.6939
10 14 21.982
10 14 21.982
10 25 21.982
10 25 21.982
10 9 23.6872
10 9 23.6872
10 11 21.982
10 11 21.982
9 10 23.6872
9 10 23.6872
9 11 23.6872
9 11 23.6872
9 8 21.8384
9 8 21.8384
8 11 21.8384
8 11 21.8384
8 9 21.8384
8 9 21.8384
8 7 23.5294
8 7 23.5294
7 8 23.5294
7 8 23.5294
7 6 23.0137
7 6 23.0137
6 13 23.0137
6 13 23.0137
6 7 23.0137
6 7 23.0137
6 5 22.1782
6 5 22.1782
5 13 22.1782
5 13 22.1782
5 4 21.7143
5 6 22.1782
5 6 22.1782
5 4 21.7143
4 13 21.7143
4 13 21.7143
4 5 21.7143
4 17 21.7143
4 17 21.7143
4 3 22.6295
4 3 22.6295
4 5 21.7143
3 4 22.6295
3 4 22.6295
3 18 22.6295
3 18 22.6295
3 2 21.8911
3 2 21.8911
2 3 21.8911
2 3 21.8911
2 1 23.4197
2 1 23.4197
1 19 23.4197
1 19 23.4197
1 2 23.4197
1 2 23.4197
1 0 25.4545
1 0 25.4545
0 19 25.4545
0 19 25.4545
0 20 25.4545
0 20 25.4545
0 1 25.4545
0 1 25.4545
