@nodes
label table_size
26 33
25 33
24 33
23 33
22 33
21 33
20 33
19 33
18 33
17 33
16 33
15 33
14 33
13 33
12 33
11 33
10 33
9 33
8 33
7 33
6 33
5 33
4 33
3 33
2 33
1 33
0 33
@arcs
       bandwidth
26 18 21.7414
26 18 21.7414
26 21 22.8571
26 21 22.8571
26 19 22.7615
26 19 22.7615
26 22 24
26 22 24
26 23 22.4719
26 23 22.4719
25 15 21.4194
25 15 21.4194
25 24 23.9521
25 24 23.9521
25 10 22.2222
25 10 22.2222
24 23 22.4719
24 23 22.4719
24 22 24
24 22 24
24 25 23.9521
24 25 23.9521
23 15 21.4194
23 15 21.4194
23 18 21.7414
23 18 21.7414
23 21 22.8571
23 21 22.8571
23 22 24
23 22 24
23 24 22.4719
23 24 22.4719
23 26 22.4719
23 26 22.4719
22 21 22.8571
22 21 22.8571
22 26 24
22 26 24
22 23 24
22 23 24
22 24 24
22 24 24
21 26 22.8571
21 26 22.8571
21 19 22.7615
21 19 22.7615
21 20 26.055
21 20 26.055
21 22 22.8571
21 22 22.8571
21 23 22.8571
21 23 22.8571
20 19 22.7615
20 19 22.7615
20 0 26.9474
20 0 26.9474
20 21 26.055
20 21 26.055
19 18 21.7414
19 18 21.7414
19 26 22.7615
19 26 22.7615
19 1 23.7288
19 1 23.7288
19 21 22.7615
19 21 22.7615
19 0 26.9474
19 0 26.9474
19 20 22.7615
19 20 22.7615
18 23 21.7414
18 23 21.7414
18 15 21.4194
18 15 21.4194
18 17 22.5681
18 17 22.5681
18 3 23.2512
18 3 23.2512
18 26 21.7414
18 26 21.7414
18 19 21.7414
18 19 21.7414
17 4 22.0433
17 4 22.0433
17 16 21.994
17 16 21.994
17 15 21.4194
17 15 21.4194
17 18 22.5681
17 18 22.5681
16 12 22.8085
16 12 22.8085
16 13 23.1579
16 13 23.1579
16 17 21.994
16 17 21.994
16 15 21.4194
16 15 21.4194
15 17 21.4194
15 17 21.4194
15 16 21.4194
15 16 21.4194
15 14 22.6721
15 14 22.6721
15 25 21.4194
15 25 21.4194
15 23 21.4194
15 23 21.4194
15 18 21.4194
15 18 21.4194
14 12 22.8085
14 12 22.8085
14 10 22.2222
14 10 22.2222
14 15 22.6721
14 15 22.6721
13 6 23.0415
13 6 23.0415
13 5 22.4535
13 5 22.4535
13 4 22.0433
13 4 22.0433
13 16 23.1579
13 16 23.1579
12 11 22.8326
12 16 22.8085
12 16 22.8085
12 14 22.8085
12 14 22.8085
12 11 22.8326
11 12 22.8326
11 10 22.2222
11 10 22.2222
11 9 24.3709
11 9 24.3709
11 8 22.069
11 8 22.069
11 12 22.8326
10 14 22.2222
10 14 22.2222
10 25 22.2222
10 25 22.2222
10 9 24.3709
10 9 24.3709
10 11 22.2222
10 11 22.2222
9 10 24.3709
9 10 24.3709
9 11 24.3709
9 11 24.3709
9 8 22.069
9 8 22.069
8 11 22.069
8 11 22.069
8 9 22.069
8 9 22.069
8 7 23.815
8 7 23.815
7 8 23.815
7 8 23.815
7 6 23.0415
7 6 23.0415
6 13 23.0415
6 13 23.0415
6 7 23.0415
6 7 23.0415
6 5 22.4535
6 5 22.4535
5 13 22.4535
5 13 22.4535
5 4 22.0433
5 6 22.4535
5 6 22.4535
5 4 22.0433
4 13 22.0433
4 13 22.0433
4 5 22.0433
4 17 22.0433
4 17 22.0433
4 3 23.2512
4 3 23.2512
4 5 22.0433
3 4 23.2512
3 4 23.2512
3 18 23.2512
3 18 23.2512
3 2 22.1498
3 2 22.1498
2 3 22.1498
2 3 22.1498
2 1 23.7288
2 1 23.7288
1 19 23.7288
1 19 23.7288
1 2 23.7288
1 2 23.7288
1 0 26.9474
1 0 26.9474
0 19 26.9474
0 19 26.9474
0 20 26.9474
0 20 26.9474
0 1 26.9474
0 1 26.9474
