@nodes
label table_size
26 33
25 33
24 33
23 33
22 33
21 33
20 33
19 33
18 33
17 33
16 33
15 33
14 33
13 33
12 33
11 33
10 33
9 33
8 33
7 33
6 33
5 33
4 33
3 33
2 33
1 33
0 33
@arcs
       bandwidth
26 18 20.5468
26 18 20.5468
26 21 20.7774
26 21 20.7774
26 19 20.7325
26 19 20.7325
26 22 21.0493
26 22 21.0493
26 23 20.7104
26 23 20.7104
25 15 20.4593
25 15 20.4593
25 24 20.9635
25 24 20.9635
25 10 20.6464
25 10 20.6464
24 23 20.7104
24 23 20.7104
24 22 21.0493
24 22 21.0493
24 25 20.9635
24 25 20.9635
23 15 20.4593
23 15 20.4593
23 18 20.5468
23 18 20.5468
23 21 20.7774
23 21 20.7774
23 22 21.0493
23 22 21.0493
23 24 20.7104
23 24 20.7104
23 26 20.7104
23 26 20.7104
22 21 20.7774
22 21 20.7774
22 26 21.0493
22 26 21.0493
22 23 21.0493
22 23 21.0493
22 24 21.0493
22 24 21.0493
21 26 20.7774
21 26 20.7774
21 19 20.7325
21 19 20.7325
21 20 21.5034
21 20 21.5034
21 22 20.7774
21 22 20.7774
21 23 20.7774
21 23 20.7774
20 19 20.7325
20 19 20.7325
20 0 21.5904
20 0 21.5904
20 21 21.5034
20 21 21.5034
19 18 20.5468
19 18 20.5468
19 26 20.7325
19 26 20.7325
19 1 21.0361
19 1 21.0361
19 21 20.7325
19 21 20.7325
19 0 21.5904
19 0 21.5904
19 20 20.7325
19 20 20.7325
18 23 20.5468
18 23 20.5468
18 15 20.4593
18 15 20.4593
18 17 20.8408
18 17 20.8408
18 3 21.0945
18 3 21.0945
18 26 20.5468
18 26 20.5468
18 19 20.5468
18 19 20.5468
17 4 20.7867
17 4 20.7867
17 16 20.6593
17 16 20.6593
17 15 20.4593
17 15 20.4593
17 18 20.8408
17 18 20.8408
16 12 20.9129
16 12 20.9129
16 13 21.1168
16 13 21.1168
16 17 20.6593
16 17 20.6593
16 15 20.4593
16 15 20.4593
15 17 20.4593
15 17 20.4593
15 16 20.4593
15 16 20.4593
15 14 20.8344
15 14 20.8344
15 25 20.4593
15 25 20.4593
15 23 20.4593
15 23 20.4593
15 18 20.4593
15 18 20.4593
14 12 20.9129
14 12 20.9129
14 10 20.6464
14 10 20.6464
14 15 20.8344
14 15 20.8344
13 6 21.0329
13 6 21.0329
13 5 20.8673
13 5 20.8673
13 4 20.7867
13 4 20.7867
13 16 21.1168
13 16 21.1168
12 11 20.9415
12 16 20.9129
12 16 20.9129
12 14 20.9129
12 14 20.9129
12 11 20.9415
11 12 20.9415
11 10 20.6464
11 10 20.6464
11 9 21.3121
11 9 21.3121
11 8 20.6999
11 8 20.6999
11 12 20.9415
10 14 20.6464
10 14 20.6464
10 25 20.6464
10 25 20.6464
10 9 21.3121
10 9 21.3121
10 11 20.6464
10 11 20.6464
9 10 21.3121
9 10 21.3121
9 11 21.3121
9 11 21.3121
9 8 20.6999
9 8 20.6999
8 11 20.6999
8 11 20.6999
8 9 20.6999
8 9 20.6999
8 7 21.2766
8 7 21.2766
7 8 21.2766
7 8 21.2766
7 6 21.0329
7 6 21.0329
6 13 21.0329
6 13 21.0329
6 7 21.0329
6 7 21.0329
6 5 20.8673
6 5 20.8673
5 13 20.8673
5 13 20.8673
5 4 20.7867
5 6 20.8673
5 6 20.8673
5 4 20.7867
4 13 20.7867
4 13 20.7867
4 5 20.7867
4 17 20.7867
4 17 20.7867
4 3 21.0945
4 3 21.0945
4 5 20.7867
3 4 21.0945
3 4 21.0945
3 18 21.0945
3 18 21.0945
3 2 20.7089
3 2 20.7089
2 3 20.7089
2 3 20.7089
2 1 21.0361
2 1 21.0361
1 19 21.0361
1 19 21.0361
1 2 21.0361
1 2 21.0361
1 0 21.5904
1 0 21.5904
0 19 21.5904
0 19 21.5904
0 20 21.5904
0 20 21.5904
0 1 21.5904
0 1 21.5904
