@nodes
label table_size
26 33
25 33
24 33
23 33
22 33
21 33
20 33
19 33
18 33
17 33
16 33
15 33
14 33
13 33
12 33
11 33
10 33
9 33
8 33
7 33
6 33
5 33
4 33
3 33
2 33
1 33
0 33
@arcs
       bandwidth
26 18 20.0911
26 18 20.0911
26 21 20.1033
26 21 20.1033
26 19 20.1095
26 19 20.1095
26 22 20.1198
26 22 20.1198
26 23 20.0979
26 23 20.0979
25 15 20.0658
25 15 20.0658
25 24 20.1074
25 24 20.1074
25 10 20.0806
25 10 20.0806
24 23 20.0979
24 23 20.0979
24 22 20.1198
24 22 20.1198
24 25 20.1074
24 25 20.1074
23 15 20.0658
23 15 20.0658
23 18 20.0911
23 18 20.0911
23 21 20.1033
23 21 20.1033
23 22 20.1198
23 22 20.1198
23 24 20.0979
23 24 20.0979
23 26 20.0979
23 26 20.0979
22 21 20.1033
22 21 20.1033
22 26 20.1198
22 26 20.1198
22 23 20.1198
22 23 20.1198
22 24 20.1198
22 24 20.1198
21 26 20.1033
21 26 20.1033
21 19 20.1095
21 19 20.1095
21 20 20.1759
21 20 20.1759
21 22 20.1033
21 22 20.1033
21 23 20.1033
21 23 20.1033
20 19 20.1095
20 19 20.1095
20 0 20.2041
20 0 20.2041
20 21 20.1759
20 21 20.1759
19 18 20.0911
19 18 20.0911
19 26 20.1095
19 26 20.1095
19 1 20.1675
19 1 20.1675
19 21 20.1095
19 21 20.1095
19 0 20.2041
19 0 20.2041
19 20 20.1095
19 20 20.1095
18 23 20.0911
18 23 20.0911
18 15 20.0658
18 15 20.0658
18 17 20.1541
18 17 20.1541
18 3 20.2805
18 3 20.2805
18 26 20.0911
18 26 20.0911
18 19 20.0911
18 19 20.0911
17 4 20.1642
17 4 20.1642
17 16 20.1076
17 16 20.1076
17 15 20.0658
17 15 20.0658
17 18 20.1541
17 18 20.1541
16 12 20.137
16 12 20.137
16 13 20.2191
16 13 20.2191
16 17 20.1076
16 17 20.1076
16 15 20.0658
16 15 20.0658
15 17 20.0658
15 17 20.0658
15 16 20.0658
15 16 20.0658
15 14 20.1145
15 14 20.1145
15 25 20.0658
15 25 20.0658
15 23 20.0658
15 23 20.0658
15 18 20.0658
15 18 20.0658
14 12 20.137
14 12 20.137
14 10 20.0806
14 10 20.0806
14 15 20.1145
14 15 20.1145
13 6 20.2275
13 6 20.2275
13 5 20.1448
13 5 20.1448
13 4 20.1642
13 4 20.1642
13 16 20.2191
13 16 20.2191
12 11 20.1224
12 16 20.137
12 16 20.137
12 14 20.137
12 14 20.137
12 11 20.1224
11 12 20.1224
11 10 20.0806
11 10 20.0806
11 9 20.1573
11 9 20.1573
11 8 20.1192
11 8 20.1192
11 12 20.1224
10 14 20.0806
10 14 20.0806
10 25 20.0806
10 25 20.0806
10 9 20.1573
10 9 20.1573
10 11 20.0806
10 11 20.0806
9 10 20.1573
9 10 20.1573
9 11 20.1573
9 11 20.1573
9 8 20.1192
9 8 20.1192
8 11 20.1192
8 11 20.1192
8 9 20.1192
8 9 20.1192
8 7 20.2599
8 7 20.2599
7 8 20.2599
7 8 20.2599
7 6 20.2275
7 6 20.2275
6 13 20.2275
6 13 20.2275
6 7 20.2275
6 7 20.2275
6 5 20.1448
6 5 20.1448
5 13 20.1448
5 13 20.1448
5 4 20.1642
5 6 20.1448
5 6 20.1448
5 4 20.1642
4 13 20.1642
4 13 20.1642
4 5 20.1642
4 17 20.1642
4 17 20.1642
4 3 20.2805
4 3 20.2805
4 5 20.1642
3 4 20.2805
3 4 20.2805
3 18 20.2805
3 18 20.2805
3 2 20.145
3 2 20.145
2 3 20.145
2 3 20.145
2 1 20.1675
2 1 20.1675
1 19 20.1675
1 19 20.1675
1 2 20.1675
1 2 20.1675
1 0 20.2041
1 0 20.2041
0 19 20.2041
0 19 20.2041
0 20 20.2041
0 20 20.2041
0 1 20.2041
0 1 20.2041
