@nodes
label table_size
26 33
25 33
24 33
23 33
22 33
21 33
20 33
19 33
18 33
17 33
16 33
15 33
14 33
13 33
12 33
11 33
10 33
9 33
8 33
7 33
6 33
5 33
4 33
3 33
2 33
1 33
0 33
@arcs
       bandwidth
26 18 23.2195
26 18 23.2195
26 21 26.5347
26 21 26.5347
26 19 25.8407
26 19 25.8407
26 22 29.2958
26 22 29.2958
26 23 26.5347
26 23 26.5347
25 15 22.6939
25 15 22.6939
25 24 26.9474
25 24 26.9474
25 10 24.2038
25 10 24.2038
24 23 26.5347
24 23 26.5347
24 22 29.2958
24 22 29.2958
24 25 26.9474
24 25 26.9474
23 15 22.6939
23 15 22.6939
23 18 23.2195
23 18 23.2195
23 21 26.5347
23 21 26.5347
23 22 29.2958
23 22 29.2958
23 24 26.5347
23 24 26.5347
23 26 26.5347
23 26 26.5347
22 21 26.5347
22 21 26.5347
22 26 29.2958
22 26 29.2958
22 23 29.2958
22 23 29.2958
22 24 29.2958
22 24 29.2958
21 26 26.5347
21 26 26.5347
21 19 25.8407
21 19 25.8407
21 20 33.4694
21 20 33.4694
21 22 26.5347
21 22 26.5347
21 23 26.5347
21 23 26.5347
20 19 25.8407
20 19 25.8407
20 0 37.8378
20 0 37.8378
20 21 33.4694
20 21 33.4694
19 18 23.2195
19 18 23.2195
19 26 25.8407
19 26 25.8407
19 1 28.3544
19 1 28.3544
19 21 25.8407
19 21 25.8407
19 0 37.8378
19 0 37.8378
19 20 25.8407
19 20 25.8407
18 23 23.2195
18 23 23.2195
18 15 22.6939
18 15 22.6939
18 17 24.4898
18 17 24.4898
18 3 24.6809
18 3 24.6809
18 26 23.2195
18 26 23.2195
18 19 23.2195
18 19 23.2195
17 4 22.8821
17 4 22.8821
17 16 23.3503
17 16 23.3503
17 15 22.6939
17 15 22.6939
17 18 24.4898
17 18 24.4898
16 12 24.6154
16 12 24.6154
16 13 26.2857
16 13 26.2857
16 17 23.3503
16 17 23.3503
16 15 22.6939
16 15 22.6939
15 17 22.6939
15 17 22.6939
15 16 22.6939
15 16 22.6939
15 14 25.7391
15 14 25.7391
15 25 22.6939
15 25 22.6939
15 23 22.6939
15 23 22.6939
15 18 22.6939
15 18 22.6939
14 12 24.6154
14 12 24.6154
14 10 24.2038
14 10 24.2038
14 15 25.7391
14 15 25.7391
13 6 26.5347
13 6 26.5347
13 5 23.9521
13 5 23.9521
13 4 22.8821
13 4 22.8821
13 16 26.2857
13 16 26.2857
12 11 25.3659
12 16 24.6154
12 16 24.6154
12 14 24.6154
12 14 24.6154
12 11 25.3659
11 12 25.3659
11 10 24.2038
11 10 24.2038
11 9 28.1481
11 9 28.1481
11 8 23.5294
11 8 23.5294
11 12 25.3659
10 14 24.2038
10 14 24.2038
10 25 24.2038
10 25 24.2038
10 9 28.1481
10 9 28.1481
10 11 24.2038
10 11 24.2038
9 10 28.1481
9 10 28.1481
9 11 28.1481
9 11 28.1481
9 8 23.5294
9 8 23.5294
8 11 23.5294
8 11 23.5294
8 9 23.5294
8 9 23.5294
8 7 28.1481
8 7 28.1481
7 8 28.1481
7 8 28.1481
7 6 26.5347
7 6 26.5347
6 13 26.5347
6 13 26.5347
6 7 26.5347
6 7 26.5347
6 5 23.9521
6 5 23.9521
5 13 23.9521
5 13 23.9521
5 4 22.8821
5 6 23.9521
5 6 23.9521
5 4 22.8821
4 13 22.8821
4 13 22.8821
4 5 22.8821
4 17 22.8821
4 17 22.8821
4 3 24.6809
4 3 24.6809
4 5 22.8821
3 4 24.6809
3 4 24.6809
3 18 24.6809
3 18 24.6809
3 2 23.8596
3 2 23.8596
2 3 23.8596
2 3 23.8596
2 1 28.3544
2 1 28.3544
1 19 28.3544
1 19 28.3544
1 2 28.3544
1 2 28.3544
1 0 37.8378
1 0 37.8378
0 19 37.8378
0 19 37.8378
0 20 37.8378
0 20 37.8378
0 1 37.8378
0 1 37.8378
