@nodes
label table_size
26 33
25 33
24 33
23 33
22 33
21 33
20 33
19 33
18 33
17 33
16 33
15 33
14 33
13 33
12 33
11 33
10 33
9 33
8 33
7 33
6 33
5 33
4 33
3 33
2 33
1 33
0 33
@arcs
       bandwidth
26 18 20.2945
26 18 20.2945
26 21 20.3752
26 21 20.3752
26 19 20.3632
26 19 20.3632
26 22 20.4691
26 22 20.4691
26 23 20.3624
26 23 20.3624
25 15 20.2547
25 15 20.2547
25 24 20.4002
25 24 20.4002
25 10 20.3063
25 10 20.3063
24 23 20.3624
24 23 20.3624
24 22 20.4691
24 22 20.4691
24 25 20.4002
24 25 20.4002
23 15 20.2547
23 15 20.2547
23 18 20.2945
23 18 20.2945
23 21 20.3752
23 21 20.3752
23 22 20.4691
23 22 20.4691
23 24 20.3624
23 24 20.3624
23 26 20.3624
23 26 20.3624
22 21 20.3752
22 21 20.3752
22 26 20.4691
22 26 20.4691
22 23 20.4691
22 23 20.4691
22 24 20.4691
22 24 20.4691
21 26 20.3752
21 26 20.3752
21 19 20.3632
21 19 20.3632
21 20 20.6162
21 20 20.6162
21 22 20.3752
21 22 20.3752
21 23 20.3752
21 23 20.3752
20 19 20.3632
20 19 20.3632
20 0 20.7014
20 0 20.7014
20 21 20.6162
20 21 20.6162
19 18 20.2945
19 18 20.2945
19 26 20.3632
19 26 20.3632
19 1 20.4885
19 1 20.4885
19 21 20.3632
19 21 20.3632
19 0 20.7014
19 0 20.7014
19 20 20.3632
19 20 20.3632
18 23 20.2945
18 23 20.2945
18 15 20.2547
18 15 20.2547
18 17 20.4731
18 17 20.4731
18 3 20.6094
18 3 20.6094
18 26 20.2945
18 26 20.2945
18 19 20.2945
18 19 20.2945
17 4 20.4857
17 4 20.4857
17 16 20.3835
17 16 20.3835
17 15 20.2547
17 15 20.2547
17 18 20.4731
17 18 20.4731
16 12 20.5276
16 12 20.5276
16 13 20.7867
16 13 20.7867
16 17 20.3835
16 17 20.3835
16 15 20.2547
16 15 20.2547
15 17 20.2547
15 17 20.2547
15 16 20.2547
15 16 20.2547
15 14 20.4345
15 14 20.4345
15 25 20.2547
15 25 20.2547
15 23 20.2547
15 23 20.2547
15 18 20.2547
15 18 20.2547
14 12 20.5276
14 12 20.5276
14 10 20.3063
14 10 20.3063
14 15 20.4345
14 15 20.4345
13 6 20.6607
13 6 20.6607
13 5 20.4842
13 5 20.4842
13 4 20.4857
13 4 20.4857
13 16 20.7867
13 16 20.7867
12 11 20.4651
12 16 20.5276
12 16 20.5276
12 14 20.5276
12 14 20.5276
12 11 20.4651
11 12 20.4651
11 10 20.3063
11 10 20.3063
11 9 20.6797
11 9 20.6797
11 8 20.388
11 8 20.388
11 12 20.4651
10 14 20.3063
10 14 20.3063
10 25 20.3063
10 25 20.3063
10 9 20.6797
10 9 20.6797
10 11 20.3063
10 11 20.3063
9 10 20.6797
9 10 20.6797
9 11 20.6797
9 11 20.6797
9 8 20.388
9 8 20.388
8 11 20.388
8 11 20.388
8 9 20.388
8 9 20.388
8 7 20.7475
8 7 20.7475
7 8 20.7475
7 8 20.7475
7 6 20.6607
7 6 20.6607
6 13 20.6607
6 13 20.6607
6 7 20.6607
6 7 20.6607
6 5 20.4842
6 5 20.4842
5 13 20.4842
5 13 20.4842
5 4 20.4857
5 6 20.4842
5 6 20.4842
5 4 20.4857
4 13 20.4857
4 13 20.4857
4 5 20.4857
4 17 20.4857
4 17 20.4857
4 3 20.6094
4 3 20.6094
4 5 20.4857
3 4 20.6094
3 4 20.6094
3 18 20.6094
3 18 20.6094
3 2 20.3628
3 2 20.3628
2 3 20.3628
2 3 20.3628
2 1 20.4885
2 1 20.4885
1 19 20.4885
1 19 20.4885
1 2 20.4885
1 2 20.4885
1 0 20.7014
1 0 20.7014
0 19 20.7014
0 19 20.7014
0 20 20.7014
0 20 20.7014
0 1 20.7014
0 1 20.7014
