@nodes
label table_size
26 33
25 33
24 33
23 33
22 33
21 33
20 33
19 33
18 33
17 33
16 33
15 33
14 33
13 33
12 33
11 33
10 33
9 33
8 33
7 33
6 33
5 33
4 33
3 33
2 33
1 33
0 33
@arcs
       bandwidth
26 18 22.268
26 18 22.268
26 21 24.2581
26 21 24.2581
26 19 24.0491
26 19 24.0491
26 22 25.4545
26 22 25.4545
26 23 24
26 23 24
25 15 21.8182
25 15 21.8182
25 24 24.4898
25 24 24.4898
25 10 22.9075
25 10 22.9075
24 23 24
24 23 24
24 22 25.4545
24 22 25.4545
24 25 24.4898
24 25 24.4898
23 15 21.8182
23 15 21.8182
23 18 22.268
23 18 22.268
23 21 24.2581
23 21 24.2581
23 22 25.4545
23 22 25.4545
23 24 24
23 24 24
23 26 24
23 26 24
22 21 24.2581
22 21 24.2581
22 26 25.4545
22 26 25.4545
22 23 25.4545
22 23 25.4545
22 24 25.4545
22 24 25.4545
21 26 24.2581
21 26 24.2581
21 19 24.0491
21 19 24.0491
21 20 28.5714
21 20 28.5714
21 22 24.2581
21 22 24.2581
21 23 24.2581
21 23 24.2581
20 19 24.0491
20 19 24.0491
20 0 30.1538
20 0 30.1538
20 21 28.5714
20 21 28.5714
19 18 22.268
19 18 22.268
19 26 24.0491
19 26 24.0491
19 1 25.28
19 1 25.28
19 21 24.0491
19 21 24.0491
19 0 30.1538
19 0 30.1538
19 20 24.0491
19 20 24.0491
18 23 22.268
18 23 22.268
18 15 21.8182
18 15 21.8182
18 17 23.0415
18 17 23.0415
18 3 23.3846
18 3 23.3846
18 26 22.268
18 26 22.268
18 19 22.268
18 19 22.268
17 4 22.268
17 4 22.268
17 16 22.4535
17 16 22.4535
17 15 21.8182
17 15 21.8182
17 18 23.0415
17 18 23.0415
16 12 23.6872
16 12 23.6872
16 13 24.6809
16 13 24.6809
16 17 22.4535
16 17 22.4535
16 15 21.8182
16 15 21.8182
15 17 21.8182
15 17 21.8182
15 16 21.8182
15 16 21.8182
15 14 23.9521
15 14 23.9521
15 25 21.8182
15 25 21.8182
15 23 21.8182
15 23 21.8182
15 18 21.8182
15 18 21.8182
14 12 23.6872
14 12 23.6872
14 10 22.9075
14 10 22.9075
14 15 23.9521
14 15 23.9521
13 6 24.4295
13 6 24.4295
13 5 23.128
13 5 23.128
13 4 22.268
13 4 22.268
13 16 24.6809
13 16 24.6809
12 11 23.6066
12 16 23.6872
12 16 23.6872
12 14 23.6872
12 14 23.6872
12 11 23.6066
11 12 23.6066
11 10 22.9075
11 10 22.9075
11 9 25.641
11 9 25.641
11 8 22.5287
11 8 22.5287
11 12 23.6066
10 14 22.9075
10 14 22.9075
10 25 22.9075
10 25 22.9075
10 9 25.641
10 9 25.641
10 11 22.9075
10 11 22.9075
9 10 25.641
9 10 25.641
9 11 25.641
9 11 25.641
9 8 22.5287
9 8 22.5287
8 11 22.5287
8 11 22.5287
8 9 22.5287
8 9 22.5287
8 7 25.1969
8 7 25.1969
7 8 25.1969
7 8 25.1969
7 6 24.4295
7 6 24.4295
6 13 24.4295
6 13 24.4295
6 7 24.4295
6 7 24.4295
6 5 23.128
6 5 23.128
5 13 23.128
5 13 23.128
5 4 22.268
5 6 23.128
5 6 23.128
5 4 22.268
4 13 22.268
4 13 22.268
4 5 22.268
4 17 22.268
4 17 22.268
4 3 23.3846
4 3 23.3846
4 5 22.268
3 4 23.3846
3 4 23.3846
3 18 23.3846
3 18 23.3846
3 2 22.6087
3 2 22.6087
2 3 22.6087
2 3 22.6087
2 1 25.28
2 1 25.28
1 19 25.28
1 19 25.28
1 2 25.28
1 2 25.28
1 0 30.1538
1 0 30.1538
0 19 30.1538
0 19 30.1538
0 20 30.1538
0 20 30.1538
0 1 30.1538
0 1 30.1538
