@nodes
label table_size
26 33
25 33
24 33
23 33
22 33
21 33
20 33
19 33
18 33
17 33
16 33
15 33
14 33
13 33
12 33
11 33
10 33
9 33
8 33
7 33
6 33
5 33
4 33
3 33
2 33
1 33
0 33
@arcs
       bandwidth
26 18 24.6154
26 18 24.6154
26 21 31.1864
26 21 31.1864
26 19 30.8197
26 19 30.8197
26 22 36.9231
26 22 36.9231
26 23 30.1538
26 23 30.1538
25 15 23.5676
25 15 23.5676
25 24 30.8197
25 24 30.8197
25 10 26.2857
25 10 26.2857
24 23 30.1538
24 23 30.1538
24 22 36.9231
24 22 36.9231
24 25 30.8197
24 25 30.8197
23 15 23.5676
23 15 23.5676
23 18 24.6154
23 18 24.6154
23 21 31.1864
23 21 31.1864
23 22 36.9231
23 22 36.9231
23 24 30.1538
23 24 30.1538
23 26 30.1538
23 26 30.1538
22 21 31.1864
22 21 31.1864
22 26 36.9231
22 26 36.9231
22 23 36.9231
22 23 36.9231
22 24 36.9231
22 24 36.9231
21 26 31.1864
21 26 31.1864
21 19 30.8197
21 19 30.8197
21 20 31.1864
21 20 31.1864
21 22 31.1864
21 22 31.1864
21 23 31.1864
21 23 31.1864
20 19 30.8197
20 19 30.8197
20 0 40
20 0 40
20 21 31.1864
20 21 31.1864
19 18 24.6154
19 18 24.6154
19 26 30.8197
19 26 30.8197
19 1 34.6667
19 1 34.6667
19 21 30.8197
19 21 30.8197
19 0 30.8197
19 0 30.8197
19 20 30.8197
19 20 30.8197
18 23 24.6154
18 23 24.6154
18 15 23.5676
18 15 23.5676
18 17 26.5347
18 17 26.5347
18 3 26.1682
18 3 26.1682
18 26 24.6154
18 26 24.6154
18 19 24.6154
18 19 24.6154
17 4 24.1509
17 4 24.1509
17 16 24.4295
17 16 24.4295
17 15 23.5676
17 15 23.5676
17 18 26.5347
17 18 26.5347
16 12 26.5347
16 12 26.5347
16 13 30.4762
16 13 30.4762
16 17 24.4295
16 17 24.4295
16 15 23.5676
16 15 23.5676
15 17 23.5676
15 17 23.5676
15 16 23.5676
15 16 23.5676
15 14 28.5714
15 14 28.5714
15 25 23.5676
15 25 23.5676
15 23 23.5676
15 23 23.5676
15 18 23.5676
15 18 23.5676
14 12 26.5347
14 12 26.5347
14 10 26.2857
14 10 26.2857
14 15 28.5714
14 15 28.5714
13 6 30.8197
13 6 30.8197
13 5 26.2857
13 5 26.2857
13 4 24.1509
13 4 24.1509
13 16 30.4762
13 16 30.4762
12 11 27.2527
12 16 26.5347
12 16 26.5347
12 14 26.5347
12 14 26.5347
12 11 27.2527
11 12 27.2527
11 10 26.2857
11 10 26.2857
11 9 32.4528
11 9 32.4528
11 8 24.9624
11 8 24.9624
11 12 27.2527
10 14 26.2857
10 14 26.2857
10 25 26.2857
10 25 26.2857
10 9 32.4528
10 9 32.4528
10 11 26.2857
10 11 26.2857
9 10 32.4528
9 10 32.4528
9 11 32.4528
9 11 32.4528
9 8 24.9624
9 8 24.9624
8 11 24.9624
8 11 24.9624
8 9 24.9624
8 9 24.9624
8 7 32.4528
8 7 32.4528
7 8 32.4528
7 8 32.4528
7 6 30.8197
7 6 30.8197
6 13 30.8197
6 13 30.8197
6 7 30.8197
6 7 30.8197
6 5 26.2857
6 5 26.2857
5 13 26.2857
5 13 26.2857
5 4 24.1509
5 6 26.2857
5 6 26.2857
5 4 24.1509
4 13 24.1509
4 13 24.1509
4 5 24.1509
4 17 24.1509
4 17 24.1509
4 3 26.1682
4 3 26.1682
4 5 24.1509
3 4 26.1682
3 4 26.1682
3 18 26.1682
3 18 26.1682
3 2 25.0382
3 2 25.0382
2 3 25.0382
2 3 25.0382
2 1 34.6667
2 1 34.6667
1 19 34.6667
1 19 34.6667
1 2 34.6667
1 2 34.6667
1 0 34.6667
1 0 34.6667
0 19 30.8197
0 19 30.8197
0 20 40
0 20 40
0 1 34.6667
0 1 34.6667
