@nodes
label table_size
26 33
25 33
24 33
23 33
22 33
21 33
20 33
19 33
18 33
17 33
16 33
15 33
14 33
13 33
12 33
11 33
10 33
9 33
8 33
7 33
6 33
5 33
4 33
3 33
2 33
1 33
0 33
@arcs
       bandwidth
26 18 20.8302
26 18 20.8302
26 21 21.2383
26 21 21.2383
26 19 21.1935
26 19 21.1935
26 22 21.7507
26 22 21.7507
26 23 21.0802
26 23 21.0802
25 15 20.6984
25 15 20.6984
25 24 21.5603
25 24 21.5603
25 10 21.0169
25 10 21.0169
24 23 21.0802
24 23 21.0802
24 22 21.7507
24 22 21.7507
24 25 21.5603
24 25 21.5603
23 15 20.6984
23 15 20.6984
23 18 20.8302
23 18 20.8302
23 21 21.2383
23 21 21.2383
23 22 21.7507
23 22 21.7507
23 24 21.0802
23 24 21.0802
23 26 21.0802
23 26 21.0802
22 21 21.2383
22 21 21.2383
22 26 21.7507
22 26 21.7507
22 23 21.7507
22 23 21.7507
22 24 21.7507
22 24 21.7507
21 26 21.2383
21 26 21.2383
21 19 21.1935
21 19 21.1935
21 20 22.3656
21 20 22.3656
21 22 21.2383
21 22 21.2383
21 23 21.2383
21 23 21.2383
20 19 21.1935
20 19 21.1935
20 0 22.6506
20 0 22.6506
20 21 22.3656
20 21 22.3656
19 18 20.8302
19 18 20.8302
19 26 21.1935
19 26 21.1935
19 1 21.6459
19 1 21.6459
19 21 21.1935
19 21 21.1935
19 0 22.6506
19 0 22.6506
19 20 21.1935
19 20 21.1935
18 23 20.8302
18 23 20.8302
18 15 20.6984
18 15 20.6984
18 17 21.2429
18 17 21.2429
18 3 21.6216
18 3 21.6216
18 26 20.8302
18 26 20.8302
18 19 20.8302
18 19 20.8302
17 4 21.113
17 4 21.113
17 16 20.9663
17 16 20.9663
17 15 20.6984
17 15 20.6984
17 18 21.2429
17 18 21.2429
16 12 21.3608
16 12 21.3608
16 13 21.5103
16 13 21.5103
16 17 20.9663
16 17 20.9663
16 15 20.6984
16 15 20.6984
15 17 20.6984
15 17 20.6984
15 16 20.6984
15 16 20.6984
15 14 21.262
15 14 21.262
15 25 20.6984
15 25 20.6984
15 23 20.6984
15 23 20.6984
15 18 20.6984
15 18 20.6984
14 12 21.3608
14 12 21.3608
14 10 21.0169
14 10 21.0169
14 15 21.262
14 15 21.262
13 6 21.4634
13 6 21.4634
13 5 21.2571
13 5 21.2571
13 4 21.113
13 4 21.113
13 16 21.5103
13 16 21.5103
12 11 21.4255
12 16 21.3608
12 16 21.3608
12 14 21.3608
12 14 21.3608
12 11 21.4255
11 12 21.4255
11 10 21.0169
11 10 21.0169
11 9 21.994
11 9 21.994
11 8 21.0169
11 8 21.0169
11 12 21.4255
10 14 21.0169
10 14 21.0169
10 25 21.0169
10 25 21.0169
10 9 21.994
10 9 21.994
10 11 21.0169
10 11 21.0169
9 10 21.994
9 10 21.994
9 11 21.994
9 11 21.994
9 8 21.0169
9 8 21.0169
8 11 21.0169
8 11 21.0169
8 9 21.0169
8 9 21.0169
8 7 21.8182
8 7 21.8182
7 8 21.8182
7 8 21.8182
7 6 21.4634
7 6 21.4634
6 13 21.4634
6 13 21.4634
6 7 21.4634
6 7 21.4634
6 5 21.2571
6 5 21.2571
5 13 21.2571
5 13 21.2571
5 4 21.113
5 6 21.2571
5 6 21.2571
5 4 21.113
4 13 21.113
4 13 21.113
4 5 21.113
4 17 21.113
4 17 21.113
4 3 21.6216
4 3 21.6216
4 5 21.113
3 4 21.6216
3 4 21.6216
3 18 21.6216
3 18 21.6216
3 2 21.0594
3 2 21.0594
2 3 21.0594
2 3 21.0594
2 1 21.6459
2 1 21.6459
1 19 21.6459
1 19 21.6459
1 2 21.6459
1 2 21.6459
1 0 22.6506
1 0 22.6506
0 19 22.6506
0 19 22.6506
0 20 22.6506
0 20 22.6506
0 1 22.6506
0 1 22.6506
