@nodes
label table_size
26 33
25 33
24 33
23 33
22 33
21 33
20 33
19 33
18 33
17 33
16 33
15 33
14 33
13 33
12 33
11 33
10 33
9 33
8 33
7 33
6 33
5 33
4 33
3 33
2 33
1 33
0 33
@arcs
       bandwidth
26 18 21.0427
26 18 21.0427
26 21 21.6709
26 21 21.6709
26 19 21.5385
26 19 21.5385
26 22 22.1222
26 22 22.1222
26 23 21.5313
26 23 21.5313
25 15 20.8883
25 15 20.8883
25 24 21.76
25 24 21.76
25 10 21.211
25 10 21.211
24 23 21.5313
24 23 21.5313
24 22 22.1222
24 22 22.1222
24 25 21.76
24 25 21.76
23 15 20.8883
23 15 20.8883
23 18 21.0427
23 18 21.0427
23 21 21.6709
23 21 21.6709
23 22 22.1222
23 22 22.1222
23 24 21.5313
23 24 21.5313
23 26 21.5313
23 26 21.5313
22 21 21.6709
22 21 21.6709
22 26 22.1222
22 26 22.1222
22 23 22.1222
22 23 22.1222
22 24 22.1222
22 24 22.1222
21 26 21.6709
21 26 21.6709
21 19 21.5385
21 19 21.5385
21 20 22.7386
21 20 22.7386
21 22 21.6709
21 22 21.6709
21 23 21.6709
21 23 21.6709
20 19 21.5385
20 19 21.5385
20 0 23.3503
20 0 23.3503
20 21 22.7386
20 21 22.7386
19 18 21.0427
19 18 21.0427
19 26 21.5385
19 26 21.5385
19 1 22.0433
19 1 22.0433
19 21 21.5385
19 21 21.5385
19 0 23.3503
19 0 23.3503
19 20 21.5385
19 20 21.5385
18 23 21.0427
18 23 21.0427
18 15 20.8883
18 15 20.8883
18 17 21.457
18 17 21.457
18 3 21.8082
18 3 21.8082
18 26 21.0427
18 26 21.0427
18 19 21.0427
18 19 21.0427
17 4 21.2476
17 4 21.2476
17 16 21.2766
17 16 21.2766
17 15 20.8883
17 15 20.8883
17 18 21.457
17 18 21.457
16 12 21.7694
16 12 21.7694
16 13 22.069
16 13 22.069
16 17 21.2766
16 17 21.2766
16 15 20.8883
16 15 20.8883
15 17 20.8883
15 17 20.8883
15 16 20.8883
15 16 20.8883
15 14 21.6459
15 14 21.6459
15 25 20.8883
15 25 20.8883
15 23 20.8883
15 23 20.8883
15 18 20.8883
15 18 20.8883
14 12 21.7694
14 12 21.7694
14 10 21.211
14 10 21.211
14 15 21.6459
14 15 21.6459
13 6 21.902
13 6 21.902
13 5 21.4634
13 5 21.4634
13 4 21.2476
13 4 21.2476
13 16 22.069
13 16 22.069
12 11 21.779
12 16 21.7694
12 16 21.7694
12 14 21.7694
12 14 21.7694
12 11 21.779
11 12 21.779
11 10 21.211
11 10 21.211
11 9 22.4535
11 9 22.4535
11 8 21.1978
11 8 21.1978
11 12 21.779
10 14 21.211
10 14 21.211
10 25 21.211
10 25 21.211
10 9 22.4535
10 9 22.4535
10 11 21.211
10 11 21.211
9 10 22.4535
9 10 22.4535
9 11 22.4535
9 11 22.4535
9 8 21.1978
9 8 21.1978
8 11 21.1978
8 11 21.1978
8 9 21.1978
8 9 21.1978
8 7 22.1782
8 7 22.1782
7 8 22.1782
7 8 22.1782
7 6 21.902
7 6 21.902
6 13 21.902
6 13 21.902
6 7 21.902
6 7 21.902
6 5 21.4634
6 5 21.4634
5 13 21.4634
5 13 21.4634
5 4 21.2476
5 6 21.4634
5 6 21.4634
5 4 21.2476
4 13 21.2476
4 13 21.2476
4 5 21.2476
4 17 21.2476
4 17 21.2476
4 3 21.8082
4 3 21.8082
4 5 21.2476
3 4 21.8082
3 4 21.8082
3 18 21.8082
3 18 21.8082
3 2 21.2383
3 2 21.2383
2 3 21.2383
2 3 21.2383
2 1 22.0433
2 1 22.0433
1 19 22.0433
1 19 22.0433
1 2 22.0433
1 2 22.0433
1 0 23.3503
1 0 23.3503
0 19 23.3503
0 19 23.3503
0 20 23.3503
0 20 23.3503
0 1 23.3503
0 1 23.3503
