@nodes
label table_size
26 33
25 33
24 33
23 33
22 33
21 33
20 33
19 33
18 33
17 33
16 33
15 33
14 33
13 33
12 33
11 33
10 33
9 33
8 33
7 33
6 33
5 33
4 33
3 33
2 33
1 33
0 33
@arcs
       bandwidth
26 18 20.3112
26 18 20.3112
26 21 20.4159
26 21 20.4159
26 19 20.4092
26 19 20.4092
26 22 20.5551
26 22 20.5551
26 23 20.3795
26 23 20.3795
25 15 20.2658
25 15 20.2658
25 24 20.5234
25 24 20.5234
25 10 20.3505
25 10 20.3505
24 23 20.3795
24 23 20.3795
24 22 20.5551
24 22 20.5551
24 25 20.5234
24 25 20.5234
23 15 20.2658
23 15 20.2658
23 18 20.3112
23 18 20.3112
23 21 20.4159
23 21 20.4159
23 22 20.5551
23 22 20.5551
23 24 20.3795
23 24 20.3795
23 26 20.3795
23 26 20.3795
22 21 20.4159
22 21 20.4159
22 26 20.5551
22 26 20.5551
22 23 20.5551
22 23 20.5551
22 24 20.5551
22 24 20.5551
21 26 20.4159
21 26 20.4159
21 19 20.4092
21 19 20.4092
21 20 20.7867
21 20 20.7867
21 22 20.4159
21 22 20.4159
21 23 20.4159
21 23 20.4159
20 19 20.4092
20 19 20.4092
20 0 20.8907
20 0 20.8907
20 21 20.7867
20 21 20.7867
19 18 20.3112
19 18 20.3112
19 26 20.4092
19 26 20.4092
19 1 20.5754
19 1 20.5754
19 21 20.4092
19 21 20.4092
19 0 20.8907
19 0 20.8907
19 20 20.4092
19 20 20.4092
18 23 20.3112
18 23 20.3112
18 15 20.2658
18 15 20.2658
18 17 20.5128
18 17 20.5128
18 3 20.662
18 3 20.662
18 26 20.3112
18 26 20.3112
18 19 20.3112
18 19 20.3112
17 4 20.4922
17 4 20.4922
17 16 20.4017
17 16 20.4017
17 15 20.2658
17 15 20.2658
17 18 20.5128
17 18 20.5128
16 12 20.5432
16 12 20.5432
16 13 20.6969
16 13 20.6969
16 17 20.4017
16 17 20.4017
16 15 20.2658
16 15 20.2658
15 17 20.2658
15 17 20.2658
15 16 20.2658
15 16 20.2658
15 14 20.4664
15 14 20.4664
15 25 20.2658
15 25 20.2658
15 23 20.2658
15 23 20.2658
15 18 20.2658
15 18 20.2658
14 12 20.5432
14 12 20.5432
14 10 20.3505
14 10 20.3505
14 15 20.4664
14 15 20.4664
13 6 20.6687
13 6 20.6687
13 5 20.5217
13 5 20.5217
13 4 20.4922
13 4 20.4922
13 16 20.6969
13 16 20.6969
12 11 20.5152
12 16 20.5432
12 16 20.5432
12 14 20.5432
12 14 20.5432
12 11 20.5152
11 12 20.5152
11 10 20.3505
11 10 20.3505
11 9 20.7182
11 9 20.7182
11 8 20.4261
11 8 20.4261
11 12 20.5152
10 14 20.3505
10 14 20.3505
10 25 20.3505
10 25 20.3505
10 9 20.7182
10 9 20.7182
10 11 20.3505
10 11 20.3505
9 10 20.7182
9 10 20.7182
9 11 20.7182
9 11 20.7182
9 8 20.4261
9 8 20.4261
8 11 20.4261
8 11 20.4261
8 9 20.4261
8 9 20.4261
8 7 20.8118
8 7 20.8118
7 8 20.8118
7 8 20.8118
7 6 20.6687
7 6 20.6687
6 13 20.6687
6 13 20.6687
6 7 20.6687
6 7 20.6687
6 5 20.5217
6 5 20.5217
5 13 20.5217
5 13 20.5217
5 4 20.4922
5 6 20.5217
5 6 20.5217
5 4 20.4922
4 13 20.4922
4 13 20.4922
4 5 20.4922
4 17 20.4922
4 17 20.4922
4 3 20.662
4 3 20.662
4 5 20.4922
3 4 20.662
3 4 20.662
3 18 20.662
3 18 20.662
3 2 20.4107
3 2 20.4107
2 3 20.4107
2 3 20.4107
2 1 20.5754
2 1 20.5754
1 19 20.5754
1 19 20.5754
1 2 20.5754
1 2 20.5754
1 0 20.8907
1 0 20.8907
0 19 20.8907
0 19 20.8907
0 20 20.8907
0 20 20.8907
0 1 20.8907
0 1 20.8907
