@nodes
label table_size
26 33
25 33
24 33
23 33
22 33
21 33
20 33
19 33
18 33
17 33
16 33
15 33
14 33
13 33
12 33
11 33
10 33
9 33
8 33
7 33
6 33
5 33
4 33
3 33
2 33
1 33
0 33
@arcs
       bandwidth
26 18 20.0493
26 18 20.0493
26 21 20.0528
26 21 20.0528
26 19 20.0558
26 19 20.0558
26 22 20.0663
26 22 20.0663
26 23 20.0512
26 23 20.0512
25 15 20.0374
25 15 20.0374
25 24 20.0632
25 24 20.0632
25 10 20.0478
25 10 20.0478
24 23 20.0512
24 23 20.0512
24 22 20.0663
24 22 20.0663
24 25 20.0632
24 25 20.0632
23 15 20.0374
23 15 20.0374
23 18 20.0493
23 18 20.0493
23 21 20.0528
23 21 20.0528
23 22 20.0663
23 22 20.0663
23 24 20.0512
23 24 20.0512
23 26 20.0512
23 26 20.0512
22 21 20.0528
22 21 20.0528
22 26 20.0663
22 26 20.0663
22 23 20.0663
22 23 20.0663
22 24 20.0663
22 24 20.0663
21 26 20.0528
21 26 20.0528
21 19 20.0558
21 19 20.0558
21 20 20.0976
21 20 20.0976
21 22 20.0528
21 22 20.0528
21 23 20.0528
21 23 20.0528
20 19 20.0558
20 19 20.0558
20 0 20.1084
20 0 20.1084
20 21 20.0976
20 21 20.0976
19 18 20.0493
19 18 20.0493
19 26 20.0558
19 26 20.0558
19 1 20.0946
19 1 20.0946
19 21 20.0558
19 21 20.0558
19 0 20.1084
19 0 20.1084
19 20 20.0558
19 20 20.0558
18 23 20.0493
18 23 20.0493
18 15 20.0374
18 15 20.0374
18 17 20.0836
18 17 20.0836
18 3 20.1624
18 3 20.1624
18 26 20.0493
18 26 20.0493
18 19 20.0493
18 19 20.0493
17 4 20.0846
17 4 20.0846
17 16 20.0625
17 16 20.0625
17 15 20.0374
17 15 20.0374
17 18 20.0836
17 18 20.0836
16 12 20.0793
16 12 20.0793
16 13 20.1111
16 13 20.1111
16 17 20.0625
16 17 20.0625
16 15 20.0374
16 15 20.0374
15 17 20.0374
15 17 20.0374
15 16 20.0374
15 16 20.0374
15 14 20.0669
15 14 20.0669
15 25 20.0374
15 25 20.0374
15 23 20.0374
15 23 20.0374
15 18 20.0374
15 18 20.0374
14 12 20.0793
14 12 20.0793
14 10 20.0478
14 10 20.0478
14 15 20.0669
14 15 20.0669
13 6 20.1392
13 6 20.1392
13 5 20.0834
13 5 20.0834
13 4 20.0846
13 4 20.0846
13 16 20.1111
13 16 20.1111
12 11 20.0721
12 16 20.0793
12 16 20.0793
12 14 20.0793
12 14 20.0793
12 11 20.0721
11 12 20.0721
11 10 20.0478
11 10 20.0478
11 9 20.095
11 9 20.095
11 8 20.0758
11 8 20.0758
11 12 20.0721
10 14 20.0478
10 14 20.0478
10 25 20.0478
10 25 20.0478
10 9 20.095
10 9 20.095
10 11 20.0478
10 11 20.0478
9 10 20.095
9 10 20.095
9 11 20.095
9 11 20.095
9 8 20.0758
9 8 20.0758
8 11 20.0758
8 11 20.0758
8 9 20.0758
8 9 20.0758
8 7 20.1658
8 7 20.1658
7 8 20.1658
7 8 20.1658
7 6 20.1392
7 6 20.1392
6 13 20.1392
6 13 20.1392
6 7 20.1392
6 7 20.1392
6 5 20.0834
6 5 20.0834
5 13 20.0834
5 13 20.0834
5 4 20.0846
5 6 20.0834
5 6 20.0834
5 4 20.0846
4 13 20.0846
4 13 20.0846
4 5 20.0846
4 17 20.0846
4 17 20.0846
4 3 20.1624
4 3 20.1624
4 5 20.0846
3 4 20.1624
3 4 20.1624
3 18 20.1624
3 18 20.1624
3 2 20.084
3 2 20.084
2 3 20.084
2 3 20.084
2 1 20.0946
2 1 20.0946
1 19 20.0946
1 19 20.0946
1 2 20.0946
1 2 20.0946
1 0 20.1084
1 0 20.1084
0 19 20.1084
0 19 20.1084
0 20 20.1084
0 20 20.1084
0 1 20.1084
0 1 20.1084
