@nodes
label table_size
26 33
25 33
24 33
23 33
22 33
21 33
20 33
19 33
18 33
17 33
16 33
15 33
14 33
13 33
12 33
11 33
10 33
9 33
8 33
7 33
6 33
5 33
4 33
3 33
2 33
1 33
0 33
@arcs
       bandwidth
26 18 24.0491
26 18 24.0491
26 21 29.8507
26 21 29.8507
26 19 28.1481
26 19 28.1481
26 22 32.9412
26 22 32.9412
26 23 28.1481
26 23 28.1481
25 15 23.3166
25 15 23.3166
25 24 28.8
25 24 28.8
25 10 25.4545
25 10 25.4545
24 23 28.1481
24 23 28.1481
24 22 32.9412
24 22 32.9412
24 25 28.8
24 25 28.8
23 15 23.3166
23 15 23.3166
23 18 24.0491
23 18 24.0491
23 21 29.8507
23 21 29.8507
23 22 32.9412
23 22 32.9412
23 24 28.1481
23 24 28.1481
23 26 28.1481
23 26 28.1481
22 21 29.8507
22 21 29.8507
22 26 32.9412
22 26 32.9412
22 23 32.9412
22 23 32.9412
22 24 32.9412
22 24 32.9412
21 26 29.8507
21 26 29.8507
21 19 28.1481
21 19 28.1481
21 20 29.8507
21 20 29.8507
21 22 29.8507
21 22 29.8507
21 23 29.8507
21 23 29.8507
20 19 28.1481
20 19 28.1481
20 0 40
20 0 40
20 21 29.8507
20 21 29.8507
19 18 24.0491
19 18 24.0491
19 26 28.1481
19 26 28.1481
19 1 30.4762
19 1 30.4762
19 21 28.1481
19 21 28.1481
19 0 28.1481
19 0 28.1481
19 20 28.1481
19 20 28.1481
18 23 24.0491
18 23 24.0491
18 15 23.3166
18 15 23.3166
18 17 25.9459
18 17 25.9459
18 3 25.5462
18 3 25.5462
18 26 24.0491
18 26 24.0491
18 19 24.0491
18 19 24.0491
17 4 23.6066
17 4 23.6066
17 16 24.2581
17 16 24.2581
17 15 23.3166
17 15 23.3166
17 18 25.9459
17 18 25.9459
16 12 26.055
16 12 26.055
16 13 28.1481
16 13 28.1481
16 17 24.2581
16 17 24.2581
16 15 23.3166
16 15 23.3166
15 17 23.3166
15 17 23.3166
15 16 23.3166
15 16 23.3166
15 14 27.5862
15 14 27.5862
15 25 23.3166
15 25 23.3166
15 23 23.3166
15 23 23.3166
15 18 23.3166
15 18 23.3166
14 12 26.055
14 12 26.055
14 10 25.4545
14 10 25.4545
14 15 27.5862
14 15 27.5862
13 6 27.7647
13 6 27.7647
13 5 25.1969
13 5 25.1969
13 4 23.6066
13 4 23.6066
13 16 28.1481
13 16 28.1481
12 11 26.6667
12 16 26.055
12 16 26.055
12 14 26.055
12 14 26.055
12 11 26.6667
11 12 26.6667
11 10 25.4545
11 10 25.4545
11 9 30.4762
11 9 30.4762
11 8 24.3137
11 8 24.3137
11 12 26.6667
10 14 25.4545
10 14 25.4545
10 25 25.4545
10 25 25.4545
10 9 30.4762
10 9 30.4762
10 11 25.4545
10 11 25.4545
9 10 30.4762
9 10 30.4762
9 11 30.4762
9 11 30.4762
9 8 24.3137
9 8 24.3137
8 11 24.3137
8 11 24.3137
8 9 24.3137
8 9 24.3137
8 7 29.5652
8 7 29.5652
7 8 29.5652
7 8 29.5652
7 6 27.7647
7 6 27.7647
6 13 27.7647
6 13 27.7647
6 7 27.7647
6 7 27.7647
6 5 25.1969
6 5 25.1969
5 13 25.1969
5 13 25.1969
5 4 23.6066
5 6 25.1969
5 6 25.1969
5 4 23.6066
4 13 23.6066
4 13 23.6066
4 5 23.6066
4 17 23.6066
4 17 23.6066
4 3 25.5462
4 3 25.5462
4 5 23.6066
3 4 25.5462
3 4 25.5462
3 18 25.5462
3 18 25.5462
3 2 24.3137
3 2 24.3137
2 3 24.3137
2 3 24.3137
2 1 30.4762
2 1 30.4762
1 19 30.4762
1 19 30.4762
1 2 30.4762
1 2 30.4762
1 0 30.4762
1 0 30.4762
0 19 28.1481
0 19 28.1481
0 20 40
0 20 40
0 1 30.4762
0 1 30.4762
