@nodes
label table_size
26 33
25 33
24 33
23 33
22 33
21 33
20 33
19 33
18 33
17 33
16 33
15 33
14 33
13 33
12 33
11 33
10 33
9 33
8 33
7 33
6 33
5 33
4 33
3 33
2 33
1 33
0 33
@arcs
       bandwidth
26 18 20.6256
26 18 20.6256
26 21 20.9004
26 21 20.9004
26 19 20.8386
26 19 20.8386
26 22 21.1478
26 22 21.1478
26 23 20.865
26 23 20.865
25 15 20.5532
25 15 20.5532
25 24 20.9836
25 24 20.9836
25 10 20.7014
25 10 20.7014
24 23 20.865
24 23 20.865
24 22 21.1478
24 22 21.1478
24 25 20.9836
24 25 20.9836
23 15 20.5532
23 15 20.5532
23 18 20.6256
23 18 20.6256
23 21 20.9004
23 21 20.9004
23 22 21.1478
23 22 21.1478
23 24 20.865
23 24 20.865
23 26 20.865
23 26 20.865
22 21 20.9004
22 21 20.9004
22 26 21.1478
22 26 21.1478
22 23 21.1478
22 23 21.1478
22 24 21.1478
22 24 21.1478
21 26 20.9004
21 26 20.9004
21 19 20.8386
21 19 20.8386
21 20 21.4634
21 20 21.4634
21 22 20.9004
21 22 20.9004
21 23 20.9004
21 23 20.9004
20 19 20.8386
20 19 20.8386
20 0 21.6709
20 0 21.6709
20 21 21.4634
20 21 21.4634
19 18 20.6256
19 18 20.6256
19 26 20.8386
19 26 20.8386
19 1 21.1282
19 1 21.1282
19 21 20.8386
19 21 20.8386
19 0 21.6709
19 0 21.6709
19 20 20.8386
19 20 20.8386
18 23 20.6256
18 23 20.6256
18 15 20.5532
18 15 20.5532
18 17 20.898
18 17 20.898
18 3 21.1559
18 3 21.1559
18 26 20.6256
18 26 20.6256
18 19 20.6256
18 19 20.6256
17 4 20.8365
17 4 20.8365
17 16 20.7756
17 16 20.7756
17 15 20.5532
17 15 20.5532
17 18 20.898
17 18 20.898
16 12 21.0945
16 12 21.0945
16 13 21.3226
16 13 21.3226
16 17 20.7756
16 17 20.7756
16 15 20.5532
16 15 20.5532
15 17 20.5532
15 17 20.5532
15 16 20.5532
15 16 20.5532
15 14 20.9807
15 14 20.9807
15 25 20.5532
15 25 20.5532
15 23 20.5532
15 23 20.5532
15 18 20.5532
15 18 20.5532
14 12 21.0945
14 12 21.0945
14 10 20.7014
14 10 20.7014
14 15 20.9807
14 15 20.9807
13 6 21.164
13 6 21.164
13 5 20.9257
13 5 20.9257
13 4 20.8365
13 4 20.8365
13 16 21.3226
13 16 21.3226
12 11 21.056
12 16 21.0945
12 16 21.0945
12 14 21.0945
12 14 21.0945
12 11 21.056
11 12 21.056
11 10 20.7014
11 10 20.7014
11 9 21.4966
11 9 21.4966
11 8 20.7458
11 8 20.7458
11 12 21.056
10 14 20.7014
10 14 20.7014
10 25 20.7014
10 25 20.7014
10 9 21.4966
10 9 21.4966
10 11 20.7014
10 11 20.7014
9 10 21.4966
9 10 21.4966
9 11 21.4966
9 11 21.4966
9 8 20.7458
9 8 20.7458
8 11 20.7458
8 11 20.7458
8 9 20.7458
8 9 20.7458
8 7 21.3387
8 7 21.3387
7 8 21.3387
7 8 21.3387
7 6 21.164
7 6 21.164
6 13 21.164
6 13 21.164
6 7 21.164
6 7 21.164
6 5 20.9257
6 5 20.9257
5 13 20.9257
5 13 20.9257
5 4 20.8365
5 6 20.9257
5 6 20.9257
5 4 20.8365
4 13 20.8365
4 13 20.8365
4 5 20.8365
4 17 20.8365
4 17 20.8365
4 3 21.1559
4 3 21.1559
4 5 20.8365
3 4 21.1559
3 4 21.1559
3 18 21.1559
3 18 21.1559
3 2 20.763
3 2 20.763
2 3 20.763
2 3 20.763
2 1 21.1282
2 1 21.1282
1 19 21.1282
1 19 21.1282
1 2 21.1282
1 2 21.1282
1 0 21.6709
1 0 21.6709
0 19 21.6709
0 19 21.6709
0 20 21.6709
0 20 21.6709
0 1 21.6709
0 1 21.6709
