@nodes
label table_size
26 33
25 33
24 33
23 33
22 33
21 33
20 33
19 33
18 33
17 33
16 33
15 33
14 33
13 33
12 33
11 33
10 33
9 33
8 33
7 33
6 33
5 33
4 33
3 33
2 33
1 33
0 33
@arcs
       bandwidth
26 18 21.2967
26 18 21.2967
26 21 22.0561
26 21 22.0561
26 19 21.8592
26 19 21.8592
26 22 22.8085
26 22 22.8085
26 23 21.8283
26 23 21.8283
25 15 21.0628
25 15 21.0628
25 24 22.5483
25 24 22.5483
25 10 21.6625
25 10 21.6625
24 23 21.8283
24 23 21.8283
24 22 22.8085
24 22 22.8085
24 25 22.5483
24 25 22.5483
23 15 21.0628
23 15 21.0628
23 18 21.2967
23 18 21.2967
23 21 22.0561
23 21 22.0561
23 22 22.8085
23 22 22.8085
23 24 21.8283
23 24 21.8283
23 26 21.8283
23 26 21.8283
22 21 22.0561
22 21 22.0561
22 26 22.8085
22 26 22.8085
22 23 22.8085
22 23 22.8085
22 24 22.8085
22 24 22.8085
21 26 22.0561
21 26 22.0561
21 19 21.8592
21 19 21.8592
21 20 24.0491
21 20 24.0491
21 22 22.0561
21 22 22.0561
21 23 22.0561
21 23 22.0561
20 19 21.8592
20 19 21.8592
20 0 24.3709
20 0 24.3709
20 21 24.0491
20 21 24.0491
19 18 21.2967
19 18 21.2967
19 26 21.8592
19 26 21.8592
19 1 22.5287
19 1 22.5287
19 21 21.8592
19 21 21.8592
19 0 24.3709
19 0 24.3709
19 20 21.8592
19 20 21.8592
18 23 21.2967
18 23 21.2967
18 15 21.0628
18 15 21.0628
18 17 21.902
18 17 21.902
18 3 22.3827
18 3 22.3827
18 26 21.2967
18 26 21.2967
18 19 21.2967
18 19 21.2967
17 4 21.6058
17 4 21.6058
17 16 21.4194
17 16 21.4194
17 15 21.0628
17 15 21.0628
17 18 21.902
17 18 21.902
16 12 22.0061
16 12 22.0061
16 13 22.268
16 13 22.268
16 17 21.4194
16 17 21.4194
16 15 21.0628
16 15 21.0628
15 17 21.0628
15 17 21.0628
15 16 21.0628
15 16 21.0628
15 14 22.0308
15 14 22.0308
15 25 21.0628
15 25 21.0628
15 23 21.0628
15 23 21.0628
15 18 21.0628
15 18 21.0628
14 12 22.0061
14 12 22.0061
14 10 21.6625
14 10 21.6625
14 15 22.0308
14 15 22.0308
13 6 22.268
13 6 22.268
13 5 21.8384
13 5 21.8384
13 4 21.6058
13 4 21.6058
13 16 22.268
13 16 22.268
12 11 22.1927
12 16 22.0061
12 16 22.0061
12 14 22.0061
12 14 22.0061
12 11 22.1927
11 12 22.1927
11 10 21.6625
11 10 21.6625
11 9 23.0137
11 9 23.0137
11 8 21.6137
11 8 21.6137
11 12 22.1927
10 14 21.6625
10 14 21.6625
10 25 21.6625
10 25 21.6625
10 9 23.0137
10 9 23.0137
10 11 21.6625
10 11 21.6625
9 10 23.0137
9 10 23.0137
9 11 23.0137
9 11 23.0137
9 8 21.6137
9 8 21.6137
8 11 21.6137
8 11 21.6137
8 9 21.6137
8 9 21.6137
8 7 22.9075
8 7 22.9075
7 8 22.9075
7 8 22.9075
7 6 22.268
7 6 22.268
6 13 22.268
6 13 22.268
6 7 22.268
6 7 22.268
6 5 21.8384
6 5 21.8384
5 13 21.8384
5 13 21.8384
5 4 21.6058
5 6 21.8384
5 6 21.8384
5 4 21.6058
4 13 21.6058
4 13 21.6058
4 5 21.6058
4 17 21.6058
4 17 21.6058
4 3 22.3827
4 3 22.3827
4 5 21.6058
3 4 22.3827
3 4 22.3827
3 18 22.3827
3 18 22.3827
3 2 21.5827
3 2 21.5827
2 3 21.5827
2 3 21.5827
2 1 22.5287
2 1 22.5287
1 19 22.5287
1 19 22.5287
1 2 22.5287
1 2 22.5287
1 0 24.3709
1 0 24.3709
0 19 24.3709
0 19 24.3709
0 20 24.3709
0 20 24.3709
0 1 24.3709
0 1 24.3709
