@nodes
label table_size
26 33
25 33
24 33
23 33
22 33
21 33
20 33
19 33
18 33
17 33
16 33
15 33
14 33
13 33
12 33
11 33
10 33
9 33
8 33
7 33
6 33
5 33
4 33
3 33
2 33
1 33
0 33
@arcs
       bandwidth
26 18 20.1552
26 18 20.1552
26 21 20.1916
26 21 20.1916
26 19 20.1995
26 19 20.1995
26 22 20.246
26 22 20.246
26 23 20.1777
26 23 20.1777
25 15 20.1245
25 15 20.1245
25 24 20.2297
25 24 20.2297
25 10 20.1677
25 10 20.1677
24 23 20.1777
24 23 20.1777
24 22 20.246
24 22 20.246
24 25 20.2297
24 25 20.2297
23 15 20.1245
23 15 20.1245
23 18 20.1552
23 18 20.1552
23 21 20.1916
23 21 20.1916
23 22 20.246
23 22 20.246
23 24 20.1777
23 24 20.1777
23 26 20.1777
23 26 20.1777
22 21 20.1916
22 21 20.1916
22 26 20.246
22 26 20.246
22 23 20.246
22 23 20.246
22 24 20.246
22 24 20.246
21 26 20.1916
21 26 20.1916
21 19 20.1995
21 19 20.1995
21 20 20.3657
21 20 20.3657
21 22 20.1916
21 22 20.1916
21 23 20.1916
21 23 20.1916
20 19 20.1995
20 19 20.1995
20 0 20.4072
20 0 20.4072
20 21 20.3657
20 21 20.3657
19 18 20.1552
19 18 20.1552
19 26 20.1995
19 26 20.1995
19 1 20.2893
19 1 20.2893
19 21 20.1995
19 21 20.1995
19 0 20.4072
19 0 20.4072
19 20 20.1995
19 20 20.1995
18 23 20.1552
18 23 20.1552
18 15 20.1245
18 15 20.1245
18 17 20.2526
18 17 20.2526
18 3 20.3988
18 3 20.3988
18 26 20.1552
18 26 20.1552
18 19 20.1552
18 19 20.1552
17 4 20.2559
17 4 20.2559
17 16 20.1991
17 16 20.1991
17 15 20.1245
17 15 20.1245
17 18 20.2526
17 18 20.2526
16 12 20.2749
16 12 20.2749
16 13 20.3605
16 13 20.3605
16 17 20.1991
16 17 20.1991
16 15 20.1245
16 15 20.1245
15 17 20.1245
15 17 20.1245
15 16 20.1245
15 16 20.1245
15 14 20.2269
15 14 20.2269
15 25 20.1245
15 25 20.1245
15 23 20.1245
15 23 20.1245
15 18 20.1245
15 18 20.1245
14 12 20.2749
14 12 20.2749
14 10 20.1677
14 10 20.1677
14 15 20.2269
14 15 20.2269
13 6 20.3718
13 6 20.3718
13 5 20.2633
13 5 20.2633
13 4 20.2559
13 4 20.2559
13 16 20.3605
13 16 20.3605
12 11 20.2442
12 16 20.2749
12 16 20.2749
12 14 20.2749
12 14 20.2749
12 11 20.2442
11 12 20.2442
11 10 20.1677
11 10 20.1677
11 9 20.3199
11 9 20.3199
11 8 20.2224
11 8 20.2224
11 12 20.2442
10 14 20.1677
10 14 20.1677
10 25 20.1677
10 25 20.1677
10 9 20.3199
10 9 20.3199
10 11 20.1677
10 11 20.1677
9 10 20.3199
9 10 20.3199
9 11 20.3199
9 11 20.3199
9 8 20.2224
9 8 20.2224
8 11 20.2224
8 11 20.2224
8 9 20.2224
8 9 20.2224
8 7 20.4433
8 7 20.4433
7 8 20.4433
7 8 20.4433
7 6 20.3718
7 6 20.3718
6 13 20.3718
6 13 20.3718
6 7 20.3718
6 7 20.3718
6 5 20.2633
6 5 20.2633
5 13 20.2633
5 13 20.2633
5 4 20.2559
5 6 20.2633
5 6 20.2633
5 4 20.2559
4 13 20.2559
4 13 20.2559
4 5 20.2559
4 17 20.2559
4 17 20.2559
4 3 20.3988
4 3 20.3988
4 5 20.2559
3 4 20.3988
3 4 20.3988
3 18 20.3988
3 18 20.3988
3 2 20.2269
3 2 20.2269
2 3 20.2269
2 3 20.2269
2 1 20.2893
2 1 20.2893
1 19 20.2893
1 19 20.2893
1 2 20.2893
1 2 20.2893
1 0 20.4072
1 0 20.4072
0 19 20.4072
0 19 20.4072
0 20 20.4072
0 20 20.4072
0 1 20.4072
0 1 20.4072
