@nodes
label table_size
23 163
22 163
21 163
20 163
19 163
18 163
17 163
16 163
15 163
14 163
13 163
12 163
11 163
10 163
9 163
8 163
7 163
6 163
5 163
4 163
3 163
2 163
1 163
0 163
@arcs
       bandwidth
23 13 504000
23 22 464829
22 16 464829
22 14 347748
22 23 464829
22 13 464829
22 8 464829
22 19 345567
21 11 367059
21 7 504000
21 19 345567
20 17 504000
20 9 504000
19 16 345567
19 8 345567
19 7 345567
19 0 345567
19 22 345567
19 21 345567
19 16 345567
19 14 347748
19 11 367059
19 3 345567
19 2 415649
18 6 374615
18 15 450435
18 14 347748
18 1 353422
17 15 450435
17 15 450435
17 14 347748
17 20 504000
17 10 504000
16 19 345567
16 22 464829
16 0 504000
16 19 345567
15 17 450435
15 10 450435
15 6 450435
15 18 450435
15 9 450435
15 17 450435
15 10 450435
15 14 347748
14 22 347748
14 17 347748
14 18 347748
14 15 347748
14 10 347748
14 9 347748
14 5 347748
14 4 381577
14 2 415649
14 1 353422
14 19 347748
13 2 415649
13 23 504000
13 22 464829
12 1 353422
12 4 381577
12 11 367059
11 12 367059
11 3 367059
11 4 381577
11 21 367059
11 1 353422
11 19 367059
10 15 450435
10 15 450435
10 17 504000
10 14 347748
9 6 504000
9 15 450435
9 14 347748
9 20 504000
8 19 345567
8 0 504000
8 22 464829
7 19 345567
7 21 504000
7 3 504000
6 9 504000
6 15 450435
6 18 374615
5 14 347748
5 4 381577
4 2 415649
4 12 381577
4 11 381577
4 1 353422
4 14 381577
4 5 381577
4 2 415649
3 11 367059
3 7 504000
3 19 345567
2 4 415649
2 4 415649
2 14 415649
2 13 415649
2 19 415649
1 12 353422
1 4 353422
1 18 353422
1 14 353422
1 11 353422
0 19 345567
0 8 504000
0 16 504000
