@nodes
label table_size
23 163
22 163
21 163
20 163
19 163
18 163
17 163
16 163
15 163
14 163
13 163
12 163
11 163
10 163
9 163
8 163
7 163
6 163
5 163
4 163
3 163
2 163
1 163
0 163
@arcs
       bandwidth
23 13 504000
23 22 504000
22 16 504000
22 14 364537
22 23 504000
22 13 504000
22 8 504000
22 19 379963
21 11 426791
21 7 504000
21 19 379963
20 17 504000
20 9 504000
19 16 379963
19 8 379963
19 7 379963
19 0 379963
19 22 379963
19 21 379963
19 16 379963
19 14 364537
19 11 426791
19 3 379963
19 2 474032
18 6 452371
18 15 452371
18 14 364537
18 1 411829
17 15 504000
17 15 504000
17 14 364537
17 20 504000
17 10 504000
16 19 379963
16 22 504000
16 0 504000
16 19 379963
15 17 504000
15 10 504000
15 6 504000
15 18 452371
15 9 504000
15 17 504000
15 10 504000
15 14 364537
14 22 364537
14 17 364537
14 18 364537
14 15 364537
14 10 364537
14 9 364537
14 5 364537
14 4 436197
14 2 474032
14 1 411829
14 19 364537
13 2 474032
13 23 504000
13 22 504000
12 1 411829
12 4 436197
12 11 426791
11 12 426791
11 3 426791
11 4 436197
11 21 426791
11 1 411829
11 19 426791
10 15 504000
10 15 504000
10 17 504000
10 14 364537
9 6 504000
9 15 504000
9 14 364537
9 20 504000
8 19 379963
8 0 504000
8 22 504000
7 19 379963
7 21 504000
7 3 504000
6 9 504000
6 15 504000
6 18 452371
5 14 364537
5 4 436197
4 2 474032
4 12 436197
4 11 436197
4 1 411829
4 14 436197
4 5 436197
4 2 474032
3 11 426791
3 7 504000
3 19 379963
2 4 474032
2 4 474032
2 14 474032
2 13 474032
2 19 474032
1 12 411829
1 4 411829
1 18 411829
1 14 411829
1 11 411829
0 19 379963
0 8 504000
0 16 504000
