@nodes
label table_size
23 163
22 163
21 163
20 163
19 163
18 163
17 163
16 163
15 163
14 163
13 163
12 163
11 163
10 163
9 163
8 163
7 163
6 163
5 163
4 163
3 163
2 163
1 163
0 163
@arcs
       bandwidth
23 13 504000
23 22 504000
22 16 504000
22 14 359248
22 23 504000
22 13 504000
22 8 504000
22 19 385798
21 11 437864
21 7 504000
21 19 385798
20 17 504000
20 9 504000
19 16 385798
19 8 385798
19 7 385798
19 0 385798
19 22 385798
19 21 385798
19 16 385798
19 14 359248
19 11 437864
19 3 385798
19 2 481475
18 6 486720
18 15 486720
18 14 359248
18 1 436197
17 15 504000
17 15 504000
17 14 359248
17 20 504000
17 10 504000
16 19 385798
16 22 504000
16 0 504000
16 19 385798
15 17 504000
15 10 504000
15 6 504000
15 18 486720
15 9 504000
15 17 504000
15 10 504000
15 14 359248
14 22 359248
14 17 359248
14 18 359248
14 15 359248
14 10 359248
14 9 359248
14 5 359248
14 4 454345
14 2 481475
14 1 436197
14 19 359248
13 2 481475
13 23 504000
13 22 504000
12 1 436197
12 4 454345
12 11 437864
11 12 437864
11 3 437864
11 4 454345
11 21 437864
11 1 436197
11 19 437864
10 15 504000
10 15 504000
10 17 504000
10 14 359248
9 6 504000
9 15 504000
9 14 359248
9 20 504000
8 19 385798
8 0 504000
8 22 504000
7 19 385798
7 21 504000
7 3 504000
6 9 504000
6 15 504000
6 18 486720
5 14 359248
5 4 454345
4 2 481475
4 12 454345
4 11 454345
4 1 436197
4 14 454345
4 5 454345
4 2 481475
3 11 437864
3 7 504000
3 19 385798
2 4 481475
2 4 481475
2 14 481475
2 13 481475
2 19 481475
1 12 436197
1 4 436197
1 18 436197
1 14 436197
1 11 436197
0 19 385798
0 8 504000
0 16 504000
