@nodes
label table_size
23 163
22 163
21 163
20 163
19 163
18 163
17 163
16 163
15 163
14 163
13 163
12 163
11 163
10 163
9 163
8 163
7 163
6 163
5 163
4 163
3 163
2 163
1 163
0 163
@arcs
       bandwidth
23 13 504000
23 22 504000
22 16 504000
22 14 376097
22 23 504000
22 13 504000
22 8 504000
22 19 437864
21 11 504000
21 7 504000
21 19 437864
20 17 504000
20 9 504000
19 16 437864
19 8 437864
19 7 437864
19 0 437864
19 22 437864
19 21 437864
19 16 437864
19 14 376097
19 11 437864
19 3 437864
19 2 437864
18 6 504000
18 15 504000
18 14 376097
18 1 504000
17 15 504000
17 15 504000
17 14 376097
17 20 504000
17 10 504000
16 19 437864
16 22 504000
16 0 504000
16 19 437864
15 17 504000
15 10 504000
15 6 504000
15 18 504000
15 9 504000
15 17 504000
15 10 504000
15 14 376097
14 22 376097
14 17 376097
14 18 376097
14 15 376097
14 10 376097
14 9 376097
14 5 376097
14 4 376097
14 2 376097
14 1 376097
14 19 376097
13 2 504000
13 23 504000
13 22 504000
12 1 504000
12 4 504000
12 11 504000
11 12 504000
11 3 504000
11 4 504000
11 21 504000
11 1 504000
11 19 437864
10 15 504000
10 15 504000
10 17 504000
10 14 376097
9 6 504000
9 15 504000
9 14 376097
9 20 504000
8 19 437864
8 0 504000
8 22 504000
7 19 437864
7 21 504000
7 3 504000
6 9 504000
6 15 504000
6 18 504000
5 14 376097
5 4 504000
4 2 504000
4 12 504000
4 11 504000
4 1 504000
4 14 376097
4 5 504000
4 2 504000
3 11 504000
3 7 504000
3 19 437864
2 4 504000
2 4 504000
2 14 376097
2 13 504000
2 19 437864
1 12 504000
1 4 504000
1 18 504000
1 14 376097
1 11 504000
0 19 437864
0 8 504000
0 16 504000
