@nodes
label table_size
0 163
1 163
2 163
3 163
4 163
5 163
6 163
7 163
8 163
9 163
10 163
11 163
12 163
13 163
14 163
15 163
16 163
17 163
18 163
19 163
20 163
21 163
22 163
23 163
@arcs
    bandwidth
19 2 504000.0
2 19 504000.0
19 3 504000.0
3 19 504000.0
19 11 504000.0
11 19 504000.0
19 14 504000.0
14 19 504000.0
16 19 504000.0
19 16 504000.0
19 21 504000.0
21 19 504000.0
19 22 504000.0
22 19 504000.0
20 9 504000.0
9 20 504000.0
22 8 504000.0
8 22 504000.0
22 13 504000.0
13 22 504000.0
22 23 504000.0
23 22 504000.0
23 13 504000.0
13 23 504000.0
1 11 504000.0
11 1 504000.0
1 14 504000.0
14 1 504000.0
2 13 504000.0
13 2 504000.0
2 14 504000.0
14 2 504000.0
3 7 504000.0
7 3 504000.0
2 4 504000.0
4 2 504000.0
4 5 504000.0
5 4 504000.0
4 14 504000.0
14 4 504000.0
5 14 504000.0
14 5 504000.0
7 21 504000.0
21 7 504000.0
9 14 504000.0
14 9 504000.0
10 14 504000.0
14 10 504000.0
14 15 504000.0
15 14 504000.0
16 0 504000.0
0 16 504000.0
17 10 504000.0
10 17 504000.0
17 20 504000.0
20 17 504000.0
1 18 504000.0
18 1 504000.0
14 18 504000.0
18 14 504000.0
14 17 504000.0
17 14 504000.0
0 8 504000.0
8 0 504000.0
0 19 504000.0
19 0 504000.0
11 21 504000.0
21 11 504000.0
7 19 504000.0
19 7 504000.0
1 4 504000.0
4 1 504000.0
4 11 504000.0
11 4 504000.0
10 15 504000.0
15 10 504000.0
17 15 504000.0
15 17 504000.0
15 9 504000.0
9 15 504000.0
15 18 504000.0
18 15 504000.0
8 19 504000.0
19 8 504000.0
14 22 504000.0
22 14 504000.0
6 18 504000.0
18 6 504000.0
3 11 504000.0
11 3 504000.0
11 12 504000.0
12 11 504000.0
4 12 504000.0
12 4 504000.0
1 12 504000.0
12 1 504000.0
6 15 504000.0
15 6 504000.0
16 22 504000.0
22 16 504000.0
2 4 504000.0
4 2 504000.0
9 6 504000.0
6 9 504000.0
10 15 504000.0
15 10 504000.0
16 19 504000.0
19 16 504000.0
17 15 504000.0
15 17 504000.0
