@nodes
label table_size
23 163
22 163
21 163
20 163
19 163
18 163
17 163
16 163
15 163
14 163
13 163
12 163
11 163
10 163
9 163
8 163
7 163
6 163
5 163
4 163
3 163
2 163
1 163
0 163
@arcs
       bandwidth
23 13 504000
23 22 504000
22 16 504000
22 14 365784
22 23 504000
22 13 504000
22 8 504000
22 19 409379
21 11 504000
21 7 504000
21 19 409379
20 17 504000
20 9 504000
19 16 409379
19 8 409379
19 7 409379
19 0 409379
19 22 409379
19 21 409379
19 16 409379
19 14 365784
19 11 409379
19 3 409379
19 2 409379
18 6 504000
18 15 504000
18 14 365784
18 1 504000
17 15 504000
17 15 504000
17 14 365784
17 20 504000
17 10 504000
16 19 409379
16 22 504000
16 0 504000
16 19 409379
15 17 504000
15 10 504000
15 6 504000
15 18 504000
15 9 504000
15 17 504000
15 10 504000
15 14 365784
14 22 365784
14 17 365784
14 18 365784
14 15 365784
14 10 365784
14 9 365784
14 5 365784
14 4 365784
14 2 365784
14 1 365784
14 19 365784
13 2 504000
13 23 504000
13 22 504000
12 1 504000
12 4 504000
12 11 504000
11 12 504000
11 3 504000
11 4 504000
11 21 504000
11 1 504000
11 19 409379
10 15 504000
10 15 504000
10 17 504000
10 14 365784
9 6 504000
9 15 504000
9 14 365784
9 20 504000
8 19 409379
8 0 504000
8 22 504000
7 19 409379
7 21 504000
7 3 504000
6 9 504000
6 15 504000
6 18 504000
5 14 365784
5 4 504000
4 2 504000
4 12 504000
4 11 504000
4 1 504000
4 14 365784
4 5 504000
4 2 504000
3 11 504000
3 7 504000
3 19 409379
2 4 504000
2 4 504000
2 14 365784
2 13 504000
2 19 409379
1 12 504000
1 4 504000
1 18 504000
1 14 365784
1 11 504000
0 19 409379
0 8 504000
0 16 504000
