@nodes
label table_size
10 12
9 12
8 12
7 12
6 12
5 12
4 12
3 12
2 12
1 12
0 12
@arcs
       bandwidth
10 8 20.625
10 7 20.625
10 6 24
10 2 27.8571
10 1 20
10 9 22.5
9 8 20.625
9 7 20.625
9 6 24
9 2 27.8571
9 1 20
9 10 22.5
9 0 22.5
8 7 20.625
8 6 24
8 5 20.625
8 1 20
8 10 20.625
8 9 20.625
8 0 20.625
7 8 20.625
7 6 24
7 5 20.625
7 4 26.25
7 0 20.625
7 1 20
7 10 20.625
7 9 20.625
6 8 24
6 7 24
6 4 26.25
6 0 24
6 10 24
6 9 24
5 8 20.625
5 7 20.625
5 4 26.25
5 3 30
5 2 27.8571
5 1 20
4 7 26.25
4 6 26.25
4 5 26.25
4 3 26.25
4 2 27.8571
4 1 20
3 5 30
3 4 26.25
3 2 27.8571
3 1 20
2 5 27.8571
2 4 27.8571
2 3 27.8571
2 1 20
2 10 27.8571
2 9 27.8571
1 8 20
1 7 20
1 5 20
1 4 20
1 3 20
1 2 20
1 10 20
1 9 20
0 7 20.625
0 6 24
0 9 22.5
0 8 20.625
