@nodes
label table_size
10 12
9 12
8 12
7 12
6 12
5 12
4 12
3 12
2 12
1 12
0 12
@arcs
       bandwidth
10 8 26.25
10 7 21.9231
10 6 27.8571
10 2 24
10 1 21.4286
10 9 24
9 8 26.25
9 7 21.9231
9 6 27.8571
9 2 30
9 1 21.4286
9 10 24
9 0 30
8 7 21.9231
8 6 27.8571
8 5 27.8571
8 1 21.4286
8 10 26.25
8 9 26.25
8 0 26.25
7 8 21.9231
7 6 27.8571
7 5 27.8571
7 4 25
7 0 21.9231
7 1 21.4286
7 10 21.9231
7 9 21.9231
6 8 27.8571
6 7 27.8571
6 4 25
6 0 27.8571
6 10 27.8571
6 9 27.8571
5 8 27.8571
5 7 27.8571
5 4 25
5 3 27.8571
5 2 27.8571
5 1 21.4286
4 7 25
4 6 25
4 5 25
4 3 25
4 2 25
4 1 21.4286
3 5 27.8571
3 4 25
3 2 30
3 1 21.4286
2 5 27.8571
2 4 25
2 3 30
2 1 21.4286
2 10 24
2 9 30
1 8 21.4286
1 7 21.4286
1 5 21.4286
1 4 21.4286
1 3 21.4286
1 2 21.4286
1 10 21.4286
1 9 21.4286
0 7 21.9231
0 6 27.8571
0 9 30
0 8 26.25
