@nodes
label table_size
0 12
1 12
2 12
3 12
4 12
5 12
6 12
7 12
8 12
9 12
10 12
@arcs
    bandwidth
0 8 30.0
8 0 30.0
0 9 30.0
9 0 30.0
9 10 30.0
10 9 30.0
9 1 30.0
1 9 30.0
9 2 30.0
2 9 30.0
9 6 30.0
6 9 30.0
9 7 30.0
7 9 30.0
10 1 30.0
1 10 30.0
10 2 30.0
2 10 30.0
10 6 30.0
6 10 30.0
10 7 30.0
7 10 30.0
1 2 30.0
2 1 30.0
0 6 30.0
6 0 30.0
1 3 30.0
3 1 30.0
1 4 30.0
4 1 30.0
1 5 30.0
5 1 30.0
1 7 30.0
7 1 30.0
2 3 30.0
3 2 30.0
2 4 30.0
4 2 30.0
2 5 30.0
5 2 30.0
3 4 30.0
4 3 30.0
3 5 30.0
5 3 30.0
4 5 30.0
5 4 30.0
0 7 30.0
7 0 30.0
4 6 30.0
6 4 30.0
4 7 30.0
7 4 30.0
5 7 30.0
7 5 30.0
6 7 30.0
7 6 30.0
8 9 30.0
9 8 30.0
8 10 30.0
10 8 30.0
8 1 30.0
1 8 30.0
8 5 30.0
5 8 30.0
8 6 30.0
6 8 30.0
8 7 30.0
7 8 30.0
