@nodes
label table_size
38 741
37 741
36 741
35 741
34 741
33 741
32 741
31 741
30 741
29 741
28 741
27 741
26 741
25 741
24 741
23 741
22 741
21 741
20 741
19 741
18 741
17 741
16 741
15 741
14 741
13 741
12 741
11 741
10 741
9 741
8 741
7 741
6 741
5 741
4 741
3 741
2 741
1 741
0 741
@arcs
       bandwidth
38 37 558.086
38 1 666.871
38 37 558.086
38 1 666.871
37 38 558.086
37 38 558.086
37 5 550.888
37 3 590.51
37 5 550.888
37 3 590.51
36 4 530.951
36 3 590.51
36 2 632.825
36 4 530.951
36 3 590.51
36 2 632.825
35 34 636.293
35 4 530.951
35 2 632.825
35 34 636.293
35 4 530.951
35 2 632.825
34 35 636.293
34 35 636.293
34 0 604.259
34 0 604.259
33 32 549.931
33 4 530.951
33 0 604.259
33 32 549.931
33 4 530.951
33 0 604.259
32 33 549.931
32 33 549.931
32 9 540.248
32 9 540.248
31 21 540.045
31 16 549.175
31 15 540.087
31 6 527.192
31 21 540.045
31 16 549.175
31 15 540.087
31 6 527.192
30 24 597.296
30 23 568.335
30 20 545.28
30 24 597.296
30 23 568.335
30 20 545.28
29 17 566.484
29 13 546.735
29 17 566.484
29 13 546.735
28 25 553.948
28 17 566.484
28 25 553.948
28 17 566.484
27 19 584.401
27 18 630.128
27 14 540.915
27 19 584.401
27 18 630.128
27 14 540.915
26 25 553.948
26 18 630.128
26 25 553.948
26 18 630.128
25 28 553.948
25 26 553.948
25 28 553.948
25 26 553.948
25 20 545.28
25 20 545.28
24 30 597.296
24 30 597.296
24 21 540.045
24 21 540.045
23 30 568.335
23 30 568.335
23 21 540.045
23 20 545.28
23 16 549.175
23 21 540.045
23 20 545.28
23 16 549.175
22 19 584.401
22 18 630.128
22 19 584.401
22 18 630.128
21 31 540.045
21 24 540.045
21 23 540.045
21 31 540.045
21 24 540.045
21 23 540.045
21 7 551.101
21 7 551.101
20 30 545.28
20 25 545.28
20 23 545.28
20 30 545.28
20 25 545.28
20 23 545.28
20 16 549.175
20 16 549.175
19 27 584.401
19 22 584.401
19 27 584.401
19 22 584.401
18 27 630.128
18 26 630.128
18 22 630.128
18 27 630.128
18 26 630.128
18 22 630.128
18 17 566.484
18 17 566.484
17 29 566.484
17 28 566.484
17 18 566.484
17 29 566.484
17 28 566.484
17 18 566.484
17 14 540.915
17 14 540.915
16 31 549.175
16 23 549.175
16 20 549.175
16 31 549.175
16 23 549.175
16 20 549.175
16 13 546.735
16 13 546.735
15 31 540.087
15 31 540.087
15 13 546.735
15 12 536.884
15 10 540.69
15 13 546.735
15 12 536.884
15 10 540.69
14 27 540.915
14 17 540.915
14 27 540.915
14 17 540.915
14 12 536.884
14 12 536.884
13 29 546.735
13 16 546.735
13 15 546.735
13 29 546.735
13 16 546.735
13 15 546.735
13 12 536.884
13 12 536.884
12 15 536.884
12 14 536.884
12 13 536.884
12 15 536.884
12 14 536.884
12 13 536.884
12 9 540.248
12 9 540.248
11 10 540.69
11 6 527.192
11 4 530.951
11 10 540.69
11 6 527.192
11 4 530.951
10 15 540.69
10 11 540.69
10 15 540.69
10 11 540.69
10 9 540.248
10 8 571.693
10 9 540.248
10 8 571.693
9 32 540.248
9 12 540.248
9 10 540.248
9 32 540.248
9 12 540.248
9 10 540.248
8 10 571.693
8 10 571.693
8 6 527.192
8 6 527.192
7 21 551.101
7 21 551.101
7 6 527.192
7 5 550.888
7 6 527.192
7 5 550.888
6 31 527.192
6 11 527.192
6 8 527.192
6 7 527.192
6 31 527.192
6 11 527.192
6 8 527.192
6 7 527.192
6 5 550.888
6 5 550.888
5 37 550.888
5 7 550.888
5 6 550.888
5 37 550.888
5 7 550.888
5 6 550.888
4 36 530.951
4 35 530.951
4 33 530.951
4 11 530.951
4 36 530.951
4 35 530.951
4 33 530.951
4 11 530.951
4 3 590.51
4 3 590.51
3 37 590.51
3 36 590.51
3 4 590.51
3 37 590.51
3 36 590.51
3 4 590.51
3 1 666.871
3 1 666.871
2 36 632.825
2 35 632.825
2 36 632.825
2 35 632.825
2 1 666.871
2 1 666.871
1 38 666.871
1 3 666.871
1 2 666.871
1 38 666.871
1 3 666.871
1 2 666.871
0 34 604.259
0 33 604.259
0 34 604.259
0 33 604.259
