@nodes
label table_size
38 741
37 741
36 741
35 741
34 741
33 741
32 741
31 741
30 741
29 741
28 741
27 741
26 741
25 741
24 741
23 741
22 741
21 741
20 741
19 741
18 741
17 741
16 741
15 741
14 741
13 741
12 741
11 741
10 741
9 741
8 741
7 741
6 741
5 741
4 741
3 741
2 741
1 741
0 741
@arcs
       bandwidth
38 37 520.549
38 1 545.901
38 37 520.549
38 1 545.901
37 38 520.549
37 38 520.549
37 5 519.308
37 3 528.886
37 5 519.308
37 3 528.886
36 4 512.599
36 3 528.886
36 2 536.643
36 4 512.599
36 3 528.886
36 2 536.643
35 34 537.17
35 4 512.599
35 2 536.643
35 34 537.17
35 4 512.599
35 2 536.643
34 35 537.17
34 35 537.17
34 0 530.724
34 0 530.724
33 32 517.908
33 4 512.599
33 0 530.724
33 32 517.908
33 4 512.599
33 0 530.724
32 33 517.908
32 33 517.908
32 9 515.177
32 9 515.177
31 21 513.486
31 16 518.359
31 15 515.097
31 6 511.125
31 21 513.486
31 16 518.359
31 15 515.097
31 6 511.125
30 24 526.483
30 23 518.399
30 20 514.339
30 24 526.483
30 23 518.399
30 20 514.339
29 17 520.595
29 13 516.615
29 17 520.595
29 13 516.615
28 25 516.646
28 17 520.595
28 25 516.646
28 17 520.595
27 19 524.814
27 18 526.713
27 14 515.669
27 19 524.814
27 18 526.713
27 14 515.669
26 25 516.646
26 18 526.713
26 25 516.646
26 18 526.713
25 28 516.646
25 26 516.646
25 28 516.646
25 26 516.646
25 20 514.339
25 20 514.339
24 30 526.483
24 30 526.483
24 21 513.486
24 21 513.486
23 30 518.399
23 30 518.399
23 21 513.486
23 20 514.339
23 16 518.359
23 21 513.486
23 20 514.339
23 16 518.359
22 19 524.814
22 18 526.713
22 19 524.814
22 18 526.713
21 31 513.486
21 24 513.486
21 23 513.486
21 31 513.486
21 24 513.486
21 23 513.486
21 7 516.745
21 7 516.745
20 30 514.339
20 25 514.339
20 23 514.339
20 30 514.339
20 25 514.339
20 23 514.339
20 16 518.359
20 16 518.359
19 27 524.814
19 22 524.814
19 27 524.814
19 22 524.814
18 27 526.713
18 26 526.713
18 22 526.713
18 27 526.713
18 26 526.713
18 22 526.713
18 17 520.595
18 17 520.595
17 29 520.595
17 28 520.595
17 18 520.595
17 29 520.595
17 28 520.595
17 18 520.595
17 14 515.669
17 14 515.669
16 31 518.359
16 23 518.359
16 20 518.359
16 31 518.359
16 23 518.359
16 20 518.359
16 13 516.615
16 13 516.615
15 31 515.097
15 31 515.097
15 13 516.615
15 12 514.948
15 10 514.752
15 13 516.615
15 12 514.948
15 10 514.752
14 27 515.669
14 17 515.669
14 27 515.669
14 17 515.669
14 12 514.948
14 12 514.948
13 29 516.615
13 16 516.615
13 15 516.615
13 29 516.615
13 16 516.615
13 15 516.615
13 12 514.948
13 12 514.948
12 15 514.948
12 14 514.948
12 13 514.948
12 15 514.948
12 14 514.948
12 13 514.948
12 9 515.177
12 9 515.177
11 10 514.752
11 6 511.125
11 4 512.599
11 10 514.752
11 6 511.125
11 4 512.599
10 15 514.752
10 11 514.752
10 15 514.752
10 11 514.752
10 9 515.177
10 8 524.212
10 9 515.177
10 8 524.212
9 32 515.177
9 12 515.177
9 10 515.177
9 32 515.177
9 12 515.177
9 10 515.177
8 10 524.212
8 10 524.212
8 6 511.125
8 6 511.125
7 21 516.745
7 21 516.745
7 6 511.125
7 5 519.308
7 6 511.125
7 5 519.308
6 31 511.125
6 11 511.125
6 8 511.125
6 7 511.125
6 31 511.125
6 11 511.125
6 8 511.125
6 7 511.125
6 5 519.308
6 5 519.308
5 37 519.308
5 7 519.308
5 6 519.308
5 37 519.308
5 7 519.308
5 6 519.308
4 36 512.599
4 35 512.599
4 33 512.599
4 11 512.599
4 36 512.599
4 35 512.599
4 33 512.599
4 11 512.599
4 3 528.886
4 3 528.886
3 37 528.886
3 36 528.886
3 4 528.886
3 37 528.886
3 36 528.886
3 4 528.886
3 1 545.901
3 1 545.901
2 36 536.643
2 35 536.643
2 36 536.643
2 35 536.643
2 1 545.901
2 1 545.901
1 38 545.901
1 3 545.901
1 2 545.901
1 38 545.901
1 3 545.901
1 2 545.901
0 34 530.724
0 33 530.724
0 34 530.724
0 33 530.724
