@nodes
label table_size
38 741
37 741
36 741
35 741
34 741
33 741
32 741
31 741
30 741
29 741
28 741
27 741
26 741
25 741
24 741
23 741
22 741
21 741
20 741
19 741
18 741
17 741
16 741
15 741
14 741
13 741
12 741
11 741
10 741
9 741
8 741
7 741
6 741
5 741
4 741
3 741
2 741
1 741
0 741
@arcs
       bandwidth
38 37 542.818
38 1 612.534
38 37 542.818
38 1 612.534
37 38 542.818
37 38 542.818
37 5 538.744
37 3 563.497
37 5 538.744
37 3 563.497
36 4 523.394
36 3 563.497
36 2 589.363
36 4 523.394
36 3 563.497
36 2 589.363
35 34 589.052
35 4 523.394
35 2 589.363
35 34 589.052
35 4 523.394
35 2 589.363
34 35 589.052
34 35 589.052
34 0 569.832
34 0 569.832
33 32 536.287
33 4 523.394
33 0 569.832
33 32 536.287
33 4 523.394
33 0 569.832
32 33 536.287
32 33 536.287
32 9 529.776
32 9 529.776
31 21 528.539
31 16 536.855
31 15 529.687
31 6 520.681
31 21 528.539
31 16 536.855
31 15 529.687
31 6 520.681
30 24 566.213
30 23 545.09
30 20 532.065
30 24 566.213
30 23 545.09
30 20 532.065
29 17 548.465
29 13 534.296
29 17 548.465
29 13 534.296
28 25 538.203
28 17 548.465
28 25 538.203
28 17 548.465
27 19 558.354
27 18 585.1
27 14 530.693
27 19 558.354
27 18 585.1
27 14 530.693
26 25 538.203
26 18 585.1
26 25 538.203
26 18 585.1
25 28 538.203
25 26 538.203
25 28 538.203
25 26 538.203
25 20 532.065
25 20 532.065
24 30 566.213
24 30 566.213
24 21 528.539
24 21 528.539
23 30 545.09
23 30 545.09
23 21 528.539
23 20 532.065
23 16 536.855
23 21 528.539
23 20 532.065
23 16 536.855
22 19 558.354
22 18 585.1
22 19 558.354
22 18 585.1
21 31 528.539
21 24 528.539
21 23 528.539
21 31 528.539
21 24 528.539
21 23 528.539
21 7 536.792
21 7 536.792
20 30 532.065
20 25 532.065
20 23 532.065
20 30 532.065
20 25 532.065
20 23 532.065
20 16 536.855
20 16 536.855
19 27 558.354
19 22 558.354
19 27 558.354
19 22 558.354
18 27 585.1
18 26 585.1
18 22 585.1
18 27 585.1
18 26 585.1
18 22 585.1
18 17 548.465
18 17 548.465
17 29 548.465
17 28 548.465
17 18 548.465
17 29 548.465
17 28 548.465
17 18 548.465
17 14 530.693
17 14 530.693
16 31 536.855
16 23 536.855
16 20 536.855
16 31 536.855
16 23 536.855
16 20 536.855
16 13 534.296
16 13 534.296
15 31 529.687
15 31 529.687
15 13 534.296
15 12 527.963
15 10 529.89
15 13 534.296
15 12 527.963
15 10 529.89
14 27 530.693
14 17 530.693
14 27 530.693
14 17 530.693
14 12 527.963
14 12 527.963
13 29 534.296
13 16 534.296
13 15 534.296
13 29 534.296
13 16 534.296
13 15 534.296
13 12 527.963
13 12 527.963
12 15 527.963
12 14 527.963
12 13 527.963
12 15 527.963
12 14 527.963
12 13 527.963
12 9 529.776
12 9 529.776
11 10 529.89
11 6 520.681
11 4 523.394
11 10 529.89
11 6 520.681
11 4 523.394
10 15 529.89
10 11 529.89
10 15 529.89
10 11 529.89
10 9 529.776
10 8 551.69
10 9 529.776
10 8 551.69
9 32 529.776
9 12 529.776
9 10 529.776
9 32 529.776
9 12 529.776
9 10 529.776
8 10 551.69
8 10 551.69
8 6 520.681
8 6 520.681
7 21 536.792
7 21 536.792
7 6 520.681
7 5 538.744
7 6 520.681
7 5 538.744
6 31 520.681
6 11 520.681
6 8 520.681
6 7 520.681
6 31 520.681
6 11 520.681
6 8 520.681
6 7 520.681
6 5 538.744
6 5 538.744
5 37 538.744
5 7 538.744
5 6 538.744
5 37 538.744
5 7 538.744
5 6 538.744
4 36 523.394
4 35 523.394
4 33 523.394
4 11 523.394
4 36 523.394
4 35 523.394
4 33 523.394
4 11 523.394
4 3 563.497
4 3 563.497
3 37 563.497
3 36 563.497
3 4 563.497
3 37 563.497
3 36 563.497
3 4 563.497
3 1 612.534
3 1 612.534
2 36 589.363
2 35 589.363
2 36 589.363
2 35 589.363
2 1 612.534
2 1 612.534
1 38 612.534
1 3 612.534
1 2 612.534
1 38 612.534
1 3 612.534
1 2 612.534
0 34 569.832
0 33 569.832
0 34 569.832
0 33 569.832
