@nodes
label table_size
38 741
37 741
36 741
35 741
34 741
33 741
32 741
31 741
30 741
29 741
28 741
27 741
26 741
25 741
24 741
23 741
22 741
21 741
20 741
19 741
18 741
17 741
16 741
15 741
14 741
13 741
12 741
11 741
10 741
9 741
8 741
7 741
6 741
5 741
4 741
3 741
2 741
1 741
0 741
@arcs
       bandwidth
38 37 530.225
38 1 574.772
38 37 530.225
38 1 574.772
37 38 530.225
37 38 530.225
37 5 527.72
37 3 544.136
37 5 527.72
37 3 544.136
36 4 517.477
36 3 544.136
36 2 559.303
36 4 517.477
36 3 544.136
36 2 559.303
35 34 559.385
35 4 517.477
35 2 559.303
35 34 559.385
35 4 517.477
35 2 559.303
34 35 559.385
34 35 559.385
34 0 547.963
34 0 547.963
33 32 526.011
33 4 517.477
33 0 547.963
33 32 526.011
33 4 517.477
33 0 547.963
32 33 526.011
32 33 526.011
32 9 521.66
32 9 521.66
31 21 520.037
31 16 526.776
31 15 521.803
31 6 515.357
31 21 520.037
31 16 526.776
31 15 521.803
31 6 515.357
30 24 543.399
30 23 529.394
30 20 522.051
30 24 543.399
30 23 529.394
30 20 522.051
29 17 533.727
29 13 524.931
29 17 533.727
29 13 524.931
28 25 526.011
28 17 533.727
28 25 526.011
28 17 533.727
27 19 539.383
27 18 552.158
27 14 522.358
27 19 539.383
27 18 552.158
27 14 522.358
26 25 526.011
26 18 552.158
26 25 526.011
26 18 552.158
25 28 526.011
25 26 526.011
25 28 526.011
25 26 526.011
25 20 522.051
25 20 522.051
24 30 543.399
24 30 543.399
24 21 520.037
24 21 520.037
23 30 529.394
23 30 529.394
23 21 520.037
23 20 522.051
23 16 526.776
23 21 520.037
23 20 522.051
23 16 526.776
22 19 539.383
22 18 552.158
22 19 539.383
22 18 552.158
21 31 520.037
21 24 520.037
21 23 520.037
21 31 520.037
21 24 520.037
21 23 520.037
21 7 525.327
21 7 525.327
20 30 522.051
20 25 522.051
20 23 522.051
20 30 522.051
20 25 522.051
20 23 522.051
20 16 526.776
20 16 526.776
19 27 539.383
19 22 539.383
19 27 539.383
19 22 539.383
18 27 552.158
18 26 552.158
18 22 552.158
18 27 552.158
18 26 552.158
18 22 552.158
18 17 533.727
18 17 533.727
17 29 533.727
17 28 533.727
17 18 533.727
17 29 533.727
17 28 533.727
17 18 533.727
17 14 522.358
17 14 522.358
16 31 526.776
16 23 526.776
16 20 526.776
16 31 526.776
16 23 526.776
16 20 526.776
16 13 524.931
16 13 524.931
15 31 521.803
15 31 521.803
15 13 524.931
15 12 520.73
15 10 521.444
15 13 524.931
15 12 520.73
15 10 521.444
14 27 522.358
14 17 522.358
14 27 522.358
14 17 522.358
14 12 520.73
14 12 520.73
13 29 524.931
13 16 524.931
13 15 524.931
13 29 524.931
13 16 524.931
13 15 524.931
13 12 520.73
13 12 520.73
12 15 520.73
12 14 520.73
12 13 520.73
12 15 520.73
12 14 520.73
12 13 520.73
12 9 521.66
12 9 521.66
11 10 521.444
11 6 515.357
11 4 517.477
11 10 521.444
11 6 515.357
11 4 517.477
10 15 521.444
10 11 521.444
10 15 521.444
10 11 521.444
10 9 521.66
10 8 535.983
10 9 521.66
10 8 535.983
9 32 521.66
9 12 521.66
9 10 521.66
9 32 521.66
9 12 521.66
9 10 521.66
8 10 535.983
8 10 535.983
8 6 515.357
8 6 515.357
7 21 525.327
7 21 525.327
7 6 515.357
7 5 527.72
7 6 515.357
7 5 527.72
6 31 515.357
6 11 515.357
6 8 515.357
6 7 515.357
6 31 515.357
6 11 515.357
6 8 515.357
6 7 515.357
6 5 527.72
6 5 527.72
5 37 527.72
5 7 527.72
5 6 527.72
5 37 527.72
5 7 527.72
5 6 527.72
4 36 517.477
4 35 517.477
4 33 517.477
4 11 517.477
4 36 517.477
4 35 517.477
4 33 517.477
4 11 517.477
4 3 544.136
4 3 544.136
3 37 544.136
3 36 544.136
3 4 544.136
3 37 544.136
3 36 544.136
3 4 544.136
3 1 574.772
3 1 574.772
2 36 559.303
2 35 559.303
2 36 559.303
2 35 559.303
2 1 574.772
2 1 574.772
1 38 574.772
1 3 574.772
1 2 574.772
1 38 574.772
1 3 574.772
1 2 574.772
0 34 547.963
0 33 547.963
0 34 547.963
0 33 547.963
