@nodes
label table_size
0 741
1 741
2 741
3 741
4 741
5 741
6 741
7 741
8 741
9 741
10 741
11 741
12 741
13 741
14 741
15 741
16 741
17 741
18 741
19 741
20 741
21 741
22 741
23 741
24 741
25 741
26 741
27 741
28 741
29 741
30 741
31 741
32 741
33 741
34 741
35 741
36 741
37 741
38 741
@arcs
    bandwidth
0 33 1008.0
33 0 1008.0
0 34 1008.0
34 0 1008.0
1 2 1008.0
2 1 1008.0
1 3 1008.0
3 1 1008.0
1 38 1008.0
38 1 1008.0
2 1 1008.0
1 2 1008.0
2 35 1008.0
35 2 1008.0
2 36 1008.0
36 2 1008.0
3 1 1008.0
1 3 1008.0
3 4 1008.0
4 3 1008.0
3 36 1008.0
36 3 1008.0
3 37 1008.0
37 3 1008.0
4 3 1008.0
3 4 1008.0
4 11 1008.0
11 4 1008.0
4 33 1008.0
33 4 1008.0
4 35 1008.0
35 4 1008.0
4 36 1008.0
36 4 1008.0
5 6 1008.0
6 5 1008.0
5 7 1008.0
7 5 1008.0
5 37 1008.0
37 5 1008.0
6 5 1008.0
5 6 1008.0
6 7 1008.0
7 6 1008.0
6 8 1008.0
8 6 1008.0
6 11 1008.0
11 6 1008.0
6 31 1008.0
31 6 1008.0
7 5 1008.0
5 7 1008.0
7 6 1008.0
6 7 1008.0
7 21 1008.0
21 7 1008.0
8 6 1008.0
6 8 1008.0
8 10 1008.0
10 8 1008.0
9 10 1008.0
10 9 1008.0
9 12 1008.0
12 9 1008.0
9 32 1008.0
32 9 1008.0
10 8 1008.0
8 10 1008.0
10 9 1008.0
9 10 1008.0
10 11 1008.0
11 10 1008.0
10 15 1008.0
15 10 1008.0
11 4 1008.0
4 11 1008.0
11 6 1008.0
6 11 1008.0
11 10 1008.0
10 11 1008.0
12 9 1008.0
9 12 1008.0
12 13 1008.0
13 12 1008.0
12 14 1008.0
14 12 1008.0
12 15 1008.0
15 12 1008.0
13 12 1008.0
12 13 1008.0
13 15 1008.0
15 13 1008.0
13 16 1008.0
16 13 1008.0
13 29 1008.0
29 13 1008.0
14 12 1008.0
12 14 1008.0
14 17 1008.0
17 14 1008.0
14 27 1008.0
27 14 1008.0
15 10 1008.0
10 15 1008.0
15 12 1008.0
12 15 1008.0
15 13 1008.0
13 15 1008.0
15 31 1008.0
31 15 1008.0
16 13 1008.0
13 16 1008.0
16 20 1008.0
20 16 1008.0
16 23 1008.0
23 16 1008.0
16 31 1008.0
31 16 1008.0
17 14 1008.0
14 17 1008.0
17 18 1008.0
18 17 1008.0
17 28 1008.0
28 17 1008.0
17 29 1008.0
29 17 1008.0
18 17 1008.0
17 18 1008.0
18 22 1008.0
22 18 1008.0
18 26 1008.0
26 18 1008.0
18 27 1008.0
27 18 1008.0
19 22 1008.0
22 19 1008.0
19 27 1008.0
27 19 1008.0
20 16 1008.0
16 20 1008.0
20 23 1008.0
23 20 1008.0
20 25 1008.0
25 20 1008.0
20 30 1008.0
30 20 1008.0
21 7 1008.0
7 21 1008.0
21 23 1008.0
23 21 1008.0
21 24 1008.0
24 21 1008.0
21 31 1008.0
31 21 1008.0
22 18 1008.0
18 22 1008.0
22 19 1008.0
19 22 1008.0
23 16 1008.0
16 23 1008.0
23 20 1008.0
20 23 1008.0
23 21 1008.0
21 23 1008.0
23 30 1008.0
30 23 1008.0
24 21 1008.0
21 24 1008.0
24 30 1008.0
30 24 1008.0
25 20 1008.0
20 25 1008.0
25 26 1008.0
26 25 1008.0
25 28 1008.0
28 25 1008.0
26 18 1008.0
18 26 1008.0
26 25 1008.0
25 26 1008.0
27 14 1008.0
14 27 1008.0
27 18 1008.0
18 27 1008.0
27 19 1008.0
19 27 1008.0
28 17 1008.0
17 28 1008.0
28 25 1008.0
25 28 1008.0
29 13 1008.0
13 29 1008.0
29 17 1008.0
17 29 1008.0
30 20 1008.0
20 30 1008.0
30 23 1008.0
23 30 1008.0
30 24 1008.0
24 30 1008.0
31 6 1008.0
6 31 1008.0
31 15 1008.0
15 31 1008.0
31 16 1008.0
16 31 1008.0
31 21 1008.0
21 31 1008.0
32 9 1008.0
9 32 1008.0
32 33 1008.0
33 32 1008.0
33 0 1008.0
0 33 1008.0
33 4 1008.0
4 33 1008.0
33 32 1008.0
32 33 1008.0
34 0 1008.0
0 34 1008.0
34 35 1008.0
35 34 1008.0
35 2 1008.0
2 35 1008.0
35 4 1008.0
4 35 1008.0
35 34 1008.0
34 35 1008.0
36 2 1008.0
2 36 1008.0
36 3 1008.0
3 36 1008.0
36 4 1008.0
4 36 1008.0
37 3 1008.0
3 37 1008.0
37 5 1008.0
5 37 1008.0
37 38 1008.0
38 37 1008.0
38 1 1008.0
1 38 1008.0
38 37 1008.0
37 38 1008.0
