@nodes
label table_size
38 741
37 741
36 741
35 741
34 741
33 741
32 741
31 741
30 741
29 741
28 741
27 741
26 741
25 741
24 741
23 741
22 741
21 741
20 741
19 741
18 741
17 741
16 741
15 741
14 741
13 741
12 741
11 741
10 741
9 741
8 741
7 741
6 741
5 741
4 741
3 741
2 741
1 741
0 741
@arcs
       bandwidth
38 37 506.409
38 1 510.553
38 37 506.409
38 1 510.553
37 38 506.409
37 38 506.409
37 5 506.019
37 3 506.832
37 5 506.019
37 3 506.832
36 4 505.455
36 3 506.832
36 2 509.154
36 4 505.455
36 3 506.832
36 2 509.154
35 34 509.6
35 4 505.455
35 2 509.154
35 34 509.6
35 4 505.455
35 2 509.154
34 35 509.6
34 35 509.6
34 0 508.769
34 0 508.769
33 32 506.629
33 4 505.455
33 0 508.769
33 32 506.629
33 4 505.455
33 0 508.769
32 33 506.629
32 33 506.629
32 9 506.073
32 9 506.073
31 21 505.469
31 16 506.835
31 15 505.848
31 6 505.179
31 21 505.469
31 16 506.835
31 15 505.848
31 6 505.179
30 24 507.378
30 23 506.141
30 20 505.508
30 24 507.378
30 23 506.141
30 20 505.508
29 17 506.209
29 13 505.987
29 17 506.209
29 13 505.987
28 25 505.805
28 17 506.209
28 25 505.805
28 17 506.209
27 19 506.684
27 18 506.014
27 14 506.498
27 19 506.684
27 18 506.014
27 14 506.498
26 25 505.805
26 18 506.014
26 25 505.805
26 18 506.014
25 28 505.805
25 26 505.805
25 28 505.805
25 26 505.805
25 20 505.508
25 20 505.508
24 30 507.378
24 30 507.378
24 21 505.469
24 21 505.469
23 30 506.141
23 30 506.141
23 21 505.469
23 20 505.508
23 16 506.835
23 21 505.469
23 20 505.508
23 16 506.835
22 19 506.684
22 18 506.014
22 19 506.684
22 18 506.014
21 31 505.469
21 24 505.469
21 23 505.469
21 31 505.469
21 24 505.469
21 23 505.469
21 7 505.917
21 7 505.917
20 30 505.508
20 25 505.508
20 23 505.508
20 30 505.508
20 25 505.508
20 23 505.508
20 16 506.835
20 16 506.835
19 27 506.684
19 22 506.684
19 27 506.684
19 22 506.684
18 27 506.014
18 26 506.014
18 22 506.014
18 27 506.014
18 26 506.014
18 22 506.014
18 17 506.209
18 17 506.209
17 29 506.209
17 28 506.209
17 18 506.209
17 29 506.209
17 28 506.209
17 18 506.209
17 14 506.498
17 14 506.498
16 31 506.835
16 23 506.835
16 20 506.835
16 31 506.835
16 23 506.835
16 20 506.835
16 13 505.987
16 13 505.987
15 31 505.848
15 31 505.848
15 13 505.987
15 12 506.451
15 10 505.721
15 13 505.987
15 12 506.451
15 10 505.721
14 27 506.498
14 17 506.498
14 27 506.498
14 17 506.498
14 12 506.451
14 12 506.451
13 29 505.987
13 16 505.987
13 15 505.987
13 29 505.987
13 16 505.987
13 15 505.987
13 12 506.451
13 12 506.451
12 15 506.451
12 14 506.451
12 13 506.451
12 15 506.451
12 14 506.451
12 13 506.451
12 9 506.073
12 9 506.073
11 10 505.721
11 6 505.179
11 4 505.455
11 10 505.721
11 6 505.179
11 4 505.455
10 15 505.721
10 11 505.721
10 15 505.721
10 11 505.721
10 9 506.073
10 8 507.576
10 9 506.073
10 8 507.576
9 32 506.073
9 12 506.073
9 10 506.073
9 32 506.073
9 12 506.073
9 10 506.073
8 10 507.576
8 10 507.576
8 6 505.179
8 6 505.179
7 21 505.917
7 21 505.917
7 6 505.179
7 5 506.019
7 6 505.179
7 5 506.019
6 31 505.179
6 11 505.179
6 8 505.179
6 7 505.179
6 31 505.179
6 11 505.179
6 8 505.179
6 7 505.179
6 5 506.019
6 5 506.019
5 37 506.019
5 7 506.019
5 6 506.019
5 37 506.019
5 7 506.019
5 6 506.019
4 36 505.455
4 35 505.455
4 33 505.455
4 11 505.455
4 36 505.455
4 35 505.455
4 33 505.455
4 11 505.455
4 3 506.832
4 3 506.832
3 37 506.832
3 36 506.832
3 4 506.832
3 37 506.832
3 36 506.832
3 4 506.832
3 1 510.553
3 1 510.553
2 36 509.154
2 35 509.154
2 36 509.154
2 35 509.154
2 1 510.553
2 1 510.553
1 38 510.553
1 3 510.553
1 2 510.553
1 38 510.553
1 3 510.553
1 2 510.553
0 34 508.769
0 33 508.769
0 34 508.769
0 33 508.769
