@nodes
label table_size
38 741
37 741
36 741
35 741
34 741
33 741
32 741
31 741
30 741
29 741
28 741
27 741
26 741
25 741
24 741
23 741
22 741
21 741
20 741
19 741
18 741
17 741
16 741
15 741
14 741
13 741
12 741
11 741
10 741
9 741
8 741
7 741
6 741
5 741
4 741
3 741
2 741
1 741
0 741
@arcs
       bandwidth
38 37 512.793
38 1 525.189
38 37 512.793
38 1 525.189
37 38 512.793
37 38 512.793
37 5 512.153
37 3 516.632
37 5 512.153
37 3 516.632
36 4 508.736
36 3 516.632
36 2 520.382
36 4 508.736
36 3 516.632
36 2 520.382
35 34 521.624
35 4 508.736
35 2 520.382
35 34 521.624
35 4 508.736
35 2 520.382
34 35 521.624
34 35 521.624
34 0 518.531
34 0 518.531
33 32 511.587
33 4 508.736
33 0 518.531
33 32 511.587
33 4 508.736
33 0 518.531
32 33 511.587
32 33 511.587
32 9 510.04
32 9 510.04
31 21 508.909
31 16 512.054
31 15 509.799
31 6 507.821
31 21 508.909
31 16 512.054
31 15 509.799
31 6 507.821
30 24 515.552
30 23 511.056
30 20 509.093
30 24 515.552
30 23 511.056
30 20 509.093
29 17 511.675
29 13 510.425
29 17 511.675
29 13 510.425
28 25 510.179
28 17 511.675
28 25 510.179
28 17 511.675
27 19 514.116
27 18 512.537
27 14 510.651
27 19 514.116
27 18 512.537
27 14 510.651
26 25 510.179
26 18 512.537
26 25 510.179
26 18 512.537
25 28 510.179
25 26 510.179
25 28 510.179
25 26 510.179
25 20 509.093
25 20 509.093
24 30 515.552
24 30 515.552
24 21 508.909
24 21 508.909
23 30 511.056
23 30 511.056
23 21 508.909
23 20 509.093
23 16 512.054
23 21 508.909
23 20 509.093
23 16 512.054
22 19 514.116
22 18 512.537
22 19 514.116
22 18 512.537
21 31 508.909
21 24 508.909
21 23 508.909
21 31 508.909
21 24 508.909
21 23 508.909
21 7 510.582
21 7 510.582
20 30 509.093
20 25 509.093
20 23 509.093
20 30 509.093
20 25 509.093
20 23 509.093
20 16 512.054
20 16 512.054
19 27 514.116
19 22 514.116
19 27 514.116
19 22 514.116
18 27 512.537
18 26 512.537
18 22 512.537
18 27 512.537
18 26 512.537
18 22 512.537
18 17 511.675
18 17 511.675
17 29 511.675
17 28 511.675
17 18 511.675
17 29 511.675
17 28 511.675
17 18 511.675
17 14 510.651
17 14 510.651
16 31 512.054
16 23 512.054
16 20 512.054
16 31 512.054
16 23 512.054
16 20 512.054
16 13 510.425
16 13 510.425
15 31 509.799
15 31 509.799
15 13 510.425
15 12 510.296
15 10 509.515
15 13 510.425
15 12 510.296
15 10 509.515
14 27 510.651
14 17 510.651
14 27 510.651
14 17 510.651
14 12 510.296
14 12 510.296
13 29 510.425
13 16 510.425
13 15 510.425
13 29 510.425
13 16 510.425
13 15 510.425
13 12 510.296
13 12 510.296
12 15 510.296
12 14 510.296
12 13 510.296
12 15 510.296
12 14 510.296
12 13 510.296
12 9 510.04
12 9 510.04
11 10 509.515
11 6 507.821
11 4 508.736
11 10 509.515
11 6 507.821
11 4 508.736
10 15 509.515
10 11 509.515
10 15 509.515
10 11 509.515
10 9 510.04
10 8 514.807
10 9 510.04
10 8 514.807
9 32 510.04
9 12 510.04
9 10 510.04
9 32 510.04
9 12 510.04
9 10 510.04
8 10 514.807
8 10 514.807
8 6 507.821
8 6 507.821
7 21 510.582
7 21 510.582
7 6 507.821
7 5 512.153
7 6 507.821
7 5 512.153
6 31 507.821
6 11 507.821
6 8 507.821
6 7 507.821
6 31 507.821
6 11 507.821
6 8 507.821
6 7 507.821
6 5 512.153
6 5 512.153
5 37 512.153
5 7 512.153
5 6 512.153
5 37 512.153
5 7 512.153
5 6 512.153
4 36 508.736
4 35 508.736
4 33 508.736
4 11 508.736
4 36 508.736
4 35 508.736
4 33 508.736
4 11 508.736
4 3 516.632
4 3 516.632
3 37 516.632
3 36 516.632
3 4 516.632
3 37 516.632
3 36 516.632
3 4 516.632
3 1 525.189
3 1 525.189
2 36 520.382
2 35 520.382
2 36 520.382
2 35 520.382
2 1 525.189
2 1 525.189
1 38 525.189
1 3 525.189
1 2 525.189
1 38 525.189
1 3 525.189
1 2 525.189
0 34 518.531
0 33 518.531
0 34 518.531
0 33 518.531
