@nodes
label table_size
0 297
1 297
2 297
3 297
4 297
5 297
6 297
7 297
8 297
9 297
10 297
11 297
12 297
13 297
14 297
15 297
16 297
17 297
18 297
19 297
20 297
21 297
22 297
23 297
24 297
25 297
26 297
27 297
28 297
29 297
30 297
31 297
32 297
33 297
34 297
@arcs
    bandwidth
0 24 600.0
24 0 600.0
0 30 600.0
30 0 600.0
0 32 600.0
32 0 600.0
1 3 600.0
3 1 600.0
1 6 600.0
6 1 600.0
1 9 600.0
9 1 600.0
1 14 600.0
14 1 600.0
1 21 600.0
21 1 600.0
1 28 600.0
28 1 600.0
2 12 600.0
12 2 600.0
2 15 600.0
15 2 600.0
2 17 600.0
17 2 600.0
2 33 600.0
33 2 600.0
3 14 600.0
14 3 600.0
3 17 600.0
17 3 600.0
3 25 600.0
25 3 600.0
3 27 600.0
27 3 600.0
4 6 600.0
6 4 600.0
4 18 600.0
18 4 600.0
4 24 600.0
24 4 600.0
4 28 600.0
28 4 600.0
5 25 600.0
25 5 600.0
5 27 600.0
27 5 600.0
6 9 600.0
9 6 600.0
6 21 600.0
21 6 600.0
6 24 600.0
24 6 600.0
6 28 600.0
28 6 600.0
6 32 600.0
32 6 600.0
7 9 600.0
9 7 600.0
7 14 600.0
14 7 600.0
7 23 600.0
23 7 600.0
7 31 600.0
31 7 600.0
8 11 600.0
11 8 600.0
8 13 600.0
13 8 600.0
8 19 600.0
19 8 600.0
8 22 600.0
22 8 600.0
8 28 600.0
28 8 600.0
9 11 600.0
11 9 600.0
9 14 600.0
14 9 600.0
9 23 600.0
23 9 600.0
9 28 600.0
28 9 600.0
10 15 600.0
15 10 600.0
10 33 600.0
33 10 600.0
11 22 600.0
22 11 600.0
11 23 600.0
23 11 600.0
11 28 600.0
28 11 600.0
12 16 600.0
16 12 600.0
12 33 600.0
33 12 600.0
13 22 600.0
22 13 600.0
14 25 600.0
25 14 600.0
15 17 600.0
17 15 600.0
15 27 600.0
27 15 600.0
16 21 600.0
21 16 600.0
16 26 600.0
26 16 600.0
16 33 600.0
33 16 600.0
16 34 600.0
34 16 600.0
17 21 600.0
21 17 600.0
17 25 600.0
25 17 600.0
17 26 600.0
26 17 600.0
17 27 600.0
27 17 600.0
18 22 600.0
22 18 600.0
18 28 600.0
28 18 600.0
19 23 600.0
23 19 600.0
20 26 600.0
26 20 600.0
20 29 600.0
29 20 600.0
20 30 600.0
30 20 600.0
21 32 600.0
32 21 600.0
21 34 600.0
34 21 600.0
22 28 600.0
28 22 600.0
23 31 600.0
31 23 600.0
24 32 600.0
32 24 600.0
25 31 600.0
31 25 600.0
26 29 600.0
29 26 600.0
26 34 600.0
34 26 600.0
28 32 600.0
32 28 600.0
29 30 600.0
30 29 600.0
29 32 600.0
32 29 600.0
29 34 600.0
34 29 600.0
30 32 600.0
32 30 600.0
32 34 600.0
34 32 600.0
