@nodes
label table_size
38 735
37 735
36 735
35 735
34 735
33 735
32 735
31 735
30 735
29 735
28 735
27 735
26 735
25 735
24 735
23 735
22 735
21 735
20 735
19 735
18 735
17 735
16 735
15 735
14 735
13 735
12 735
11 735
10 735
9 735
8 735
7 735
6 735
5 735
4 735
3 735
2 735
1 735
0 735
@arcs
       bandwidth
38 36 96.7093
38 36 96.7093
38 32 103.586
38 32 103.586
38 30 90.4682
38 30 90.4682
37 36 96.7093
37 36 96.7093
37 35 89.7821
37 35 89.7821
37 33 88.1951
37 33 88.1951
36 38 96.7093
36 38 96.7093
36 37 96.7093
36 37 96.7093
36 33 88.1951
36 33 88.1951
36 32 103.586
36 32 103.586
36 31 102.434
36 31 102.434
35 37 89.7821
35 37 89.7821
35 34 94.4153
35 34 94.4153
35 20 93.3243
35 20 93.3243
35 17 87.7095
35 17 87.7095
34 35 94.4153
34 35 94.4153
34 33 88.1951
34 33 88.1951
34 26 94.616
34 26 94.616
33 37 88.1951
33 37 88.1951
33 36 88.1951
33 36 88.1951
33 34 88.1951
33 34 88.1951
33 32 103.586
33 32 103.586
33 31 102.434
33 31 102.434
33 27 90.1642
33 27 90.1642
33 25 88.5552
33 25 88.5552
33 22 91.0092
33 22 91.0092
32 38 103.586
32 38 103.586
32 36 103.586
32 36 103.586
32 33 103.586
32 33 103.586
32 30 90.4682
32 30 90.4682
31 36 102.434
31 36 102.434
31 33 102.434
31 33 102.434
31 27 90.1642
31 27 90.1642
30 38 90.4682
30 38 90.4682
30 32 90.4682
30 32 90.4682
30 29 105.554
30 29 105.554
30 28 111.905
30 28 111.905
30 27 90.1642
30 27 90.1642
30 24 92.9089
30 24 92.9089
30 16 90.1502
30 16 90.1502
29 30 105.554
29 30 105.554
29 28 111.905
29 28 111.905
29 27 90.1642
29 27 90.1642
29 25 88.5552
29 25 88.5552
28 30 111.905
28 30 111.905
28 29 111.905
28 29 111.905
28 23 89.2788
28 23 89.2788
27 33 90.1642
27 33 90.1642
27 31 90.1642
27 31 90.1642
27 30 90.1642
27 30 90.1642
27 29 90.1642
27 29 90.1642
27 23 89.2788
27 23 89.2788
27 22 91.0092
27 22 91.0092
26 34 94.616
26 34 94.616
26 25 88.5552
26 25 88.5552
26 21 92.6153
26 21 92.6153
25 33 88.5552
25 33 88.5552
25 29 88.5552
25 29 88.5552
25 26 88.5552
25 26 88.5552
25 22 91.0092
25 22 91.0092
25 19 97.8452
25 19 97.8452
25 18 91.2364
25 18 91.2364
25 13 89.2235
25 13 89.2235
24 30 92.9089
24 30 92.9089
24 16 90.1502
24 16 90.1502
24 11 99.0107
24 11 99.0107
24 7 97.6206
24 7 97.6206
23 28 89.2788
23 28 89.2788
23 27 89.2788
23 27 89.2788
23 22 91.0092
23 22 91.0092
23 16 90.1502
23 16 90.1502
23 15 93.6903
23 15 93.6903
23 9 86.1346
23 9 86.1346
22 33 91.0092
22 33 91.0092
22 27 91.0092
22 27 91.0092
22 25 91.0092
22 25 91.0092
22 23 91.0092
22 23 91.0092
22 19 97.8452
22 19 97.8452
22 15 93.6903
22 15 93.6903
21 26 92.6153
21 26 92.6153
21 20 93.3243
21 20 93.3243
21 18 91.2364
21 18 91.2364
20 35 93.3243
20 35 93.3243
20 21 93.3243
20 21 93.3243
20 17 87.7095
20 17 87.7095
19 25 97.8452
19 25 97.8452
19 22 97.8452
19 22 97.8452
19 15 93.6903
19 15 93.6903
19 13 89.2235
19 13 89.2235
18 25 91.2364
18 25 91.2364
18 21 91.2364
18 21 91.2364
18 17 87.7095
18 17 87.7095
18 12 88.8835
18 12 88.8835
17 35 87.7095
17 35 87.7095
17 20 87.7095
17 20 87.7095
17 18 87.7095
17 18 87.7095
17 12 88.8835
17 12 88.8835
17 5 92.34
17 5 92.34
16 30 90.1502
16 30 90.1502
16 24 90.1502
16 24 90.1502
16 23 90.1502
16 23 90.1502
16 15 93.6903
16 15 93.6903
16 10 91.6137
16 10 91.6137
15 23 93.6903
15 23 93.6903
15 22 93.6903
15 22 93.6903
15 19 93.6903
15 19 93.6903
15 16 93.6903
15 16 93.6903
15 14 91.6274
15 14 91.6274
14 15 91.6274
14 15 91.6274
14 13 89.2235
14 13 89.2235
14 9 86.1346
14 9 86.1346
14 8 87.5959
14 8 87.5959
13 25 89.2235
13 25 89.2235
13 19 89.2235
13 19 89.2235
13 14 89.2235
13 14 89.2235
13 12 88.8835
13 12 88.8835
13 8 87.5959
13 8 87.5959
12 18 88.8835
12 18 88.8835
12 17 88.8835
12 17 88.8835
12 13 88.8835
12 13 88.8835
12 8 87.5959
12 8 87.5959
11 24 99.0107
11 24 99.0107
11 10 91.6137
11 10 91.6137
11 7 97.6206
11 7 97.6206
10 16 91.6137
10 16 91.6137
10 11 91.6137
10 11 91.6137
10 9 86.1346
10 9 86.1346
10 6 92.3972
10 6 92.3972
9 23 86.1346
9 23 86.1346
9 14 86.1346
9 14 86.1346
9 10 86.1346
9 10 86.1346
9 8 87.5959
9 8 87.5959
9 6 92.3972
9 6 92.3972
9 3 90.4869
9 3 90.4869
8 14 87.5959
8 14 87.5959
8 13 87.5959
8 13 87.5959
8 12 87.5959
8 12 87.5959
8 9 87.5959
8 9 87.5959
8 5 92.34
8 5 92.34
8 4 89.6063
8 4 89.6063
7 24 97.6206
7 24 97.6206
7 11 97.6206
7 11 97.6206
7 1 95.245
7 1 95.245
6 10 92.3972
6 10 92.3972
6 9 92.3972
6 9 92.3972
6 3 90.4869
6 3 90.4869
6 2 94.3871
6 2 94.3871
6 0 94.0301
6 0 94.0301
5 17 92.34
5 17 92.34
5 8 92.34
5 8 92.34
5 4 89.6063
5 4 89.6063
4 8 89.6063
4 8 89.6063
4 5 89.6063
4 5 89.6063
4 3 90.4869
4 3 90.4869
4 0 94.0301
4 0 94.0301
3 9 90.4869
3 9 90.4869
3 6 90.4869
3 6 90.4869
3 4 90.4869
3 4 90.4869
3 2 94.3871
3 2 94.3871
3 0 94.0301
3 0 94.0301
2 6 94.3871
2 6 94.3871
2 3 94.3871
2 3 94.3871
2 1 95.245
2 1 95.245
2 0 94.0301
2 0 94.0301
1 7 95.245
1 7 95.245
1 2 95.245
1 2 95.245
1 0 94.0301
1 0 94.0301
0 6 94.0301
0 6 94.0301
0 4 94.0301
0 4 94.0301
0 3 94.0301
0 3 94.0301
0 2 94.0301
0 2 94.0301
0 1 94.0301
0 1 94.0301
