@nodes
label table_size
38 735
37 735
36 735
35 735
34 735
33 735
32 735
31 735
30 735
29 735
28 735
27 735
26 735
25 735
24 735
23 735
22 735
21 735
20 735
19 735
18 735
17 735
16 735
15 735
14 735
13 735
12 735
11 735
10 735
9 735
8 735
7 735
6 735
5 735
4 735
3 735
2 735
1 735
0 735
@arcs
       bandwidth
38 36 90.1537
38 36 90.1537
38 32 94.338
38 32 94.338
38 30 87.1385
38 30 87.1385
37 36 90.1537
37 36 90.1537
37 35 85.9957
37 35 85.9957
37 33 85.3266
37 33 85.3266
36 38 90.1537
36 38 90.1537
36 37 90.1537
36 37 90.1537
36 33 85.3266
36 33 85.3266
36 32 94.338
36 32 94.338
36 31 94.4792
36 31 94.4792
35 37 85.9957
35 37 85.9957
35 34 88.9375
35 34 88.9375
35 20 88.0692
35 20 88.0692
35 17 84.7461
35 17 84.7461
34 35 88.9375
34 35 88.9375
34 33 85.3266
34 33 85.3266
34 26 88.9294
34 26 88.9294
33 37 85.3266
33 37 85.3266
33 36 85.3266
33 36 85.3266
33 34 85.3266
33 34 85.3266
33 32 94.338
33 32 94.338
33 31 94.4792
33 31 94.4792
33 27 86.7269
33 27 86.7269
33 25 85.8665
33 25 85.8665
33 22 87.1927
33 22 87.1927
32 38 94.338
32 38 94.338
32 36 94.338
32 36 94.338
32 33 94.338
32 33 94.338
32 30 87.1385
32 30 87.1385
31 36 94.4792
31 36 94.4792
31 33 94.4792
31 33 94.4792
31 27 86.7269
31 27 86.7269
30 38 87.1385
30 38 87.1385
30 32 87.1385
30 32 87.1385
30 29 97.5575
30 29 97.5575
30 28 101.297
30 28 101.297
30 27 86.7269
30 27 86.7269
30 24 88.4374
30 24 88.4374
30 16 86.8716
30 16 86.8716
29 30 97.5575
29 30 97.5575
29 28 101.297
29 28 101.297
29 27 86.7269
29 27 86.7269
29 25 85.8665
29 25 85.8665
28 30 101.297
28 30 101.297
28 29 101.297
28 29 101.297
28 23 86.2282
28 23 86.2282
27 33 86.7269
27 33 86.7269
27 31 86.7269
27 31 86.7269
27 30 86.7269
27 30 86.7269
27 29 86.7269
27 29 86.7269
27 23 86.2282
27 23 86.2282
27 22 87.1927
27 22 87.1927
26 34 88.9294
26 34 88.9294
26 25 85.8665
26 25 85.8665
26 21 87.3786
26 21 87.3786
25 33 85.8665
25 33 85.8665
25 29 85.8665
25 29 85.8665
25 26 85.8665
25 26 85.8665
25 22 87.1927
25 22 87.1927
25 19 91.3755
25 19 91.3755
25 18 87.0259
25 18 87.0259
25 13 85.7834
25 13 85.7834
24 30 88.4374
24 30 88.4374
24 16 86.8716
24 16 86.8716
24 11 91.3404
24 11 91.3404
24 7 90.4944
24 7 90.4944
23 28 86.2282
23 28 86.2282
23 27 86.2282
23 27 86.2282
23 22 87.1927
23 22 87.1927
23 16 86.8716
23 16 86.8716
23 15 88.9023
23 15 88.9023
23 9 83.7997
23 9 83.7997
22 33 87.1927
22 33 87.1927
22 27 87.1927
22 27 87.1927
22 25 87.1927
22 25 87.1927
22 23 87.1927
22 23 87.1927
22 19 91.3755
22 19 91.3755
22 15 88.9023
22 15 88.9023
21 26 87.3786
21 26 87.3786
21 20 88.0692
21 20 88.0692
21 18 87.0259
21 18 87.0259
20 35 88.0692
20 35 88.0692
20 21 88.0692
20 21 88.0692
20 17 84.7461
20 17 84.7461
19 25 91.3755
19 25 91.3755
19 22 91.3755
19 22 91.3755
19 15 88.9023
19 15 88.9023
19 13 85.7834
19 13 85.7834
18 25 87.0259
18 25 87.0259
18 21 87.0259
18 21 87.0259
18 17 84.7461
18 17 84.7461
18 12 85.3831
18 12 85.3831
17 35 84.7461
17 35 84.7461
17 20 84.7461
17 20 84.7461
17 18 84.7461
17 18 84.7461
17 12 85.3831
17 12 85.3831
17 5 87.2926
17 5 87.2926
16 30 86.8716
16 30 86.8716
16 24 86.8716
16 24 86.8716
16 23 86.8716
16 23 86.8716
16 15 88.9023
16 15 88.9023
16 10 87.4686
16 10 87.4686
15 23 88.9023
15 23 88.9023
15 22 88.9023
15 22 88.9023
15 19 88.9023
15 19 88.9023
15 16 88.9023
15 16 88.9023
15 14 87.253
15 14 87.253
14 15 87.253
14 15 87.253
14 13 85.7834
14 13 85.7834
14 9 83.7997
14 9 83.7997
14 8 84.6172
14 8 84.6172
13 25 85.7834
13 25 85.7834
13 19 85.7834
13 19 85.7834
13 14 85.7834
13 14 85.7834
13 12 85.3831
13 12 85.3831
13 8 84.6172
13 8 84.6172
12 18 85.3831
12 18 85.3831
12 17 85.3831
12 17 85.3831
12 13 85.3831
12 13 85.3831
12 8 84.6172
12 8 84.6172
11 24 91.3404
11 24 91.3404
11 10 87.4686
11 10 87.4686
11 7 90.4944
11 7 90.4944
10 16 87.4686
10 16 87.4686
10 11 87.4686
10 11 87.4686
10 9 83.7997
10 9 83.7997
10 6 87.7358
10 6 87.7358
9 23 83.7997
9 23 83.7997
9 14 83.7997
9 14 83.7997
9 10 83.7997
9 10 83.7997
9 8 84.6172
9 8 84.6172
9 6 87.7358
9 6 87.7358
9 3 86.3795
9 3 86.3795
8 14 84.6172
8 14 84.6172
8 13 84.6172
8 13 84.6172
8 12 84.6172
8 12 84.6172
8 9 84.6172
8 9 84.6172
8 5 87.2926
8 5 87.2926
8 4 85.6894
8 4 85.6894
7 24 90.4944
7 24 90.4944
7 11 90.4944
7 11 90.4944
7 1 88.2992
7 1 88.2992
6 10 87.7358
6 10 87.7358
6 9 87.7358
6 9 87.7358
6 3 86.3795
6 3 86.3795
6 2 88.3204
6 2 88.3204
6 0 87.9299
6 0 87.9299
5 17 87.2926
5 17 87.2926
5 8 87.2926
5 8 87.2926
5 4 85.6894
5 4 85.6894
4 8 85.6894
4 8 85.6894
4 5 85.6894
4 5 85.6894
4 3 86.3795
4 3 86.3795
4 0 87.9299
4 0 87.9299
3 9 86.3795
3 9 86.3795
3 6 86.3795
3 6 86.3795
3 4 86.3795
3 4 86.3795
3 2 88.3204
3 2 88.3204
3 0 87.9299
3 0 87.9299
2 6 88.3204
2 6 88.3204
2 3 88.3204
2 3 88.3204
2 1 88.2992
2 1 88.2992
2 0 87.9299
2 0 87.9299
1 7 88.2992
1 7 88.2992
1 2 88.2992
1 2 88.2992
1 0 87.9299
1 0 87.9299
0 6 87.9299
0 6 87.9299
0 4 87.9299
0 4 87.9299
0 3 87.9299
0 3 87.9299
0 2 87.9299
0 2 87.9299
0 1 87.9299
0 1 87.9299
