@nodes
label table_size
38 735
37 735
36 735
35 735
34 735
33 735
32 735
31 735
30 735
29 735
28 735
27 735
26 735
25 735
24 735
23 735
22 735
21 735
20 735
19 735
18 735
17 735
16 735
15 735
14 735
13 735
12 735
11 735
10 735
9 735
8 735
7 735
6 735
5 735
4 735
3 735
2 735
1 735
0 735
@arcs
       bandwidth
38 36 107.059
38 36 107.059
38 32 116.364
38 32 116.364
38 30 94.4365
38 30 94.4365
37 36 107.059
37 36 107.059
37 35 96.1228
37 35 96.1228
37 33 91.8429
37 33 91.8429
36 38 107.059
36 38 107.059
36 37 107.059
36 37 107.059
36 33 91.8429
36 33 91.8429
36 32 116.364
36 32 116.364
36 31 117.814
36 31 117.814
35 37 96.1228
35 37 96.1228
35 34 103.195
35 34 103.195
35 20 103.214
35 20 103.214
35 17 92.2118
35 17 92.2118
34 35 103.195
34 35 103.195
34 33 91.8429
34 33 91.8429
34 26 101.883
34 26 101.883
33 37 91.8429
33 37 91.8429
33 36 91.8429
33 36 91.8429
33 34 91.8429
33 34 91.8429
33 32 116.364
33 32 116.364
33 31 117.814
33 31 117.814
33 27 94.6451
33 27 94.6451
33 25 91.6229
33 25 91.6229
33 22 96.0612
33 22 96.0612
32 38 116.364
32 38 116.364
32 36 116.364
32 36 116.364
32 33 116.364
32 33 116.364
32 30 94.4365
32 30 94.4365
31 36 117.814
31 36 117.814
31 33 117.814
31 33 117.814
31 27 94.6451
31 27 94.6451
30 38 94.4365
30 38 94.4365
30 32 94.4365
30 32 94.4365
30 29 114.527
30 29 114.527
30 28 124.851
30 28 124.851
30 27 94.6451
30 27 94.6451
30 24 98.4731
30 24 98.4731
30 16 94.1789
30 16 94.1789
29 30 114.527
29 30 114.527
29 28 124.851
29 28 124.851
29 27 94.6451
29 27 94.6451
29 25 91.6229
29 25 91.6229
28 30 124.851
28 30 124.851
28 29 124.851
28 29 124.851
28 23 92.6861
28 23 92.6861
27 33 94.6451
27 33 94.6451
27 31 94.6451
27 31 94.6451
27 30 94.6451
27 30 94.6451
27 29 94.6451
27 29 94.6451
27 23 92.6861
27 23 92.6861
27 22 96.0612
27 22 96.0612
26 34 101.883
26 34 101.883
26 25 91.6229
26 25 91.6229
26 21 100.144
26 21 100.144
25 33 91.6229
25 33 91.6229
25 29 91.6229
25 29 91.6229
25 26 91.6229
25 26 91.6229
25 22 96.0612
25 22 96.0612
25 19 105.869
25 19 105.869
25 18 97.4636
25 18 97.4636
25 13 94.4294
25 13 94.4294
24 30 98.4731
24 30 98.4731
24 16 94.1789
24 16 94.1789
24 11 109.327
24 11 109.327
24 7 108.094
24 7 108.094
23 28 92.6861
23 28 92.6861
23 27 92.6861
23 27 92.6861
23 22 96.0612
23 22 96.0612
23 16 94.1789
23 16 94.1789
23 15 99.1095
23 15 99.1095
23 9 89.0198
23 9 89.0198
22 33 96.0612
22 33 96.0612
22 27 96.0612
22 27 96.0612
22 25 96.0612
22 25 96.0612
22 23 96.0612
22 23 96.0612
22 19 105.869
22 19 105.869
22 15 99.1095
22 15 99.1095
21 26 100.144
21 26 100.144
21 20 103.214
21 20 103.214
21 18 97.4636
21 18 97.4636
20 35 103.214
20 35 103.214
20 21 103.214
20 21 103.214
20 17 92.2118
20 17 92.2118
19 25 105.869
19 25 105.869
19 22 105.869
19 22 105.869
19 15 99.1095
19 15 99.1095
19 13 94.4294
19 13 94.4294
18 25 97.4636
18 25 97.4636
18 21 97.4636
18 21 97.4636
18 17 92.2118
18 17 92.2118
18 12 94.2063
18 12 94.2063
17 35 92.2118
17 35 92.2118
17 20 92.2118
17 20 92.2118
17 18 92.2118
17 18 92.2118
17 12 94.2063
17 12 94.2063
17 5 99.0476
17 5 99.0476
16 30 94.1789
16 30 94.1789
16 24 94.1789
16 24 94.1789
16 23 94.1789
16 23 94.1789
16 15 99.1095
16 15 99.1095
16 10 96.6998
16 10 96.6998
15 23 99.1095
15 23 99.1095
15 22 99.1095
15 22 99.1095
15 19 99.1095
15 19 99.1095
15 16 99.1095
15 16 99.1095
15 14 98.0645
15 14 98.0645
14 15 98.0645
14 15 98.0645
14 13 94.4294
14 13 94.4294
14 9 89.0198
14 9 89.0198
14 8 91.7202
14 8 91.7202
13 25 94.4294
13 25 94.4294
13 19 94.4294
13 19 94.4294
13 14 94.4294
13 14 94.4294
13 12 94.2063
13 12 94.2063
13 8 91.7202
13 8 91.7202
12 18 94.2063
12 18 94.2063
12 17 94.2063
12 17 94.2063
12 13 94.2063
12 13 94.2063
12 8 91.7202
12 8 91.7202
11 24 109.327
11 24 109.327
11 10 96.6998
11 10 96.6998
11 7 108.094
11 7 108.094
10 16 96.6998
10 16 96.6998
10 11 96.6998
10 11 96.6998
10 9 89.0198
10 9 89.0198
10 6 98.1538
10 6 98.1538
9 23 89.0198
9 23 89.0198
9 14 89.0198
9 14 89.0198
9 10 89.0198
9 10 89.0198
9 8 91.7202
9 8 91.7202
9 6 98.1538
9 6 98.1538
9 3 96.7283
9 3 96.7283
8 14 91.7202
8 14 91.7202
8 13 91.7202
8 13 91.7202
8 12 91.7202
8 12 91.7202
8 9 91.7202
8 9 91.7202
8 5 99.0476
8 5 99.0476
8 4 94.8522
8 4 94.8522
7 24 108.094
7 24 108.094
7 11 108.094
7 11 108.094
7 1 105.422
7 1 105.422
6 10 98.1538
6 10 98.1538
6 9 98.1538
6 9 98.1538
6 3 96.7283
6 3 96.7283
6 2 103.873
6 2 103.873
6 0 102.87
6 0 102.87
5 17 99.0476
5 17 99.0476
5 8 99.0476
5 8 99.0476
5 4 94.8522
5 4 94.8522
4 8 94.8522
4 8 94.8522
4 5 94.8522
4 5 94.8522
4 3 96.7283
4 3 96.7283
4 0 102.87
4 0 102.87
3 9 96.7283
3 9 96.7283
3 6 96.7283
3 6 96.7283
3 4 96.7283
3 4 96.7283
3 2 103.873
3 2 103.873
3 0 102.87
3 0 102.87
2 6 103.873
2 6 103.873
2 3 103.873
2 3 103.873
2 1 105.422
2 1 105.422
2 0 102.87
2 0 102.87
1 7 105.422
1 7 105.422
1 2 105.422
1 2 105.422
1 0 102.87
1 0 102.87
0 6 102.87
0 6 102.87
0 4 102.87
0 4 102.87
0 3 102.87
0 3 102.87
0 2 102.87
0 2 102.87
0 1 102.87
0 1 102.87
