@nodes
label table_size
38 735
37 735
36 735
35 735
34 735
33 735
32 735
31 735
30 735
29 735
28 735
27 735
26 735
25 735
24 735
23 735
22 735
21 735
20 735
19 735
18 735
17 735
16 735
15 735
14 735
13 735
12 735
11 735
10 735
9 735
8 735
7 735
6 735
5 735
4 735
3 735
2 735
1 735
0 735
@arcs
       bandwidth
38 36 160
38 36 160
38 32 160
38 32 160
38 30 133.021
38 30 133.021
37 36 160
37 36 160
37 35 160
37 35 160
37 33 127.458
37 33 127.458
36 38 160
36 38 160
36 37 160
36 37 160
36 33 127.458
36 33 127.458
36 32 160
36 32 160
36 31 160
36 31 160
35 37 160
35 37 160
35 34 160
35 34 160
35 20 160
35 20 160
35 17 142.888
35 17 142.888
34 35 160
34 35 160
34 33 127.458
34 33 127.458
34 26 160
34 26 160
33 37 127.458
33 37 127.458
33 36 127.458
33 36 127.458
33 34 127.458
33 34 127.458
33 32 127.458
33 32 127.458
33 31 127.458
33 31 127.458
33 27 148.134
33 27 148.134
33 25 124.377
33 25 124.377
33 22 159.352
33 22 159.352
32 38 160
32 38 160
32 36 160
32 36 160
32 33 127.458
32 33 127.458
32 30 133.021
32 30 133.021
31 36 160
31 36 160
31 33 127.458
31 33 127.458
31 27 148.134
31 27 148.134
30 38 133.021
30 38 133.021
30 32 133.021
30 32 133.021
30 29 133.021
30 29 133.021
30 28 133.021
30 28 133.021
30 27 148.134
30 27 148.134
30 24 133.021
30 24 133.021
30 16 147.2
30 16 147.2
29 30 133.021
29 30 133.021
29 28 160
29 28 160
29 27 148.134
29 27 148.134
29 25 124.377
29 25 124.377
28 30 133.021
28 30 133.021
28 29 160
28 29 160
28 23 131.624
28 23 131.624
27 33 148.134
27 33 148.134
27 31 148.134
27 31 148.134
27 30 148.134
27 30 148.134
27 29 148.134
27 29 148.134
27 23 131.624
27 23 131.624
27 22 159.352
27 22 159.352
26 34 160
26 34 160
26 25 124.377
26 25 124.377
26 21 160
26 21 160
25 33 124.377
25 33 124.377
25 29 124.377
25 29 124.377
25 26 124.377
25 26 124.377
25 22 159.352
25 22 159.352
25 19 124.377
25 19 124.377
25 18 124.377
25 18 124.377
25 13 154.904
25 13 154.904
24 30 133.021
24 30 133.021
24 16 147.2
24 16 147.2
24 11 160
24 11 160
24 7 160
24 7 160
23 28 131.624
23 28 131.624
23 27 131.624
23 27 131.624
23 22 159.352
23 22 159.352
23 16 147.2
23 16 147.2
23 15 131.624
23 15 131.624
23 9 117.96
23 9 117.96
22 33 159.352
22 33 159.352
22 27 159.352
22 27 159.352
22 25 159.352
22 25 159.352
22 23 159.352
22 23 159.352
22 19 159.352
22 19 159.352
22 15 159.352
22 15 159.352
21 26 160
21 26 160
21 20 160
21 20 160
21 18 160
21 18 160
20 35 160
20 35 160
20 21 160
20 21 160
20 17 142.888
20 17 142.888
19 25 124.377
19 25 124.377
19 22 159.352
19 22 159.352
19 15 160
19 15 160
19 13 154.904
19 13 154.904
18 25 124.377
18 25 124.377
18 21 160
18 21 160
18 17 142.888
18 17 142.888
18 12 160
18 12 160
17 35 142.888
17 35 142.888
17 20 142.888
17 20 142.888
17 18 142.888
17 18 142.888
17 12 142.888
17 12 142.888
17 5 142.888
17 5 142.888
16 30 147.2
16 30 147.2
16 24 147.2
16 24 147.2
16 23 147.2
16 23 147.2
16 15 147.2
16 15 147.2
16 10 147.2
16 10 147.2
15 23 131.624
15 23 131.624
15 22 159.352
15 22 159.352
15 19 160
15 19 160
15 16 147.2
15 16 147.2
15 14 160
15 14 160
14 15 160
14 15 160
14 13 154.904
14 13 154.904
14 9 117.96
14 9 117.96
14 8 136.593
14 8 136.593
13 25 154.904
13 25 154.904
13 19 154.904
13 19 154.904
13 14 154.904
13 14 154.904
13 12 154.904
13 12 154.904
13 8 136.593
13 8 136.593
12 18 160
12 18 160
12 17 142.888
12 17 142.888
12 13 154.904
12 13 154.904
12 8 136.593
12 8 136.593
11 24 160
11 24 160
11 10 160
11 10 160
11 7 160
11 7 160
10 16 147.2
10 16 147.2
10 11 160
10 11 160
10 9 117.96
10 9 117.96
10 6 160
10 6 160
9 23 117.96
9 23 117.96
9 14 117.96
9 14 117.96
9 10 117.96
9 10 117.96
9 8 136.593
9 8 136.593
9 6 117.96
9 6 117.96
9 3 117.96
9 3 117.96
8 14 136.593
8 14 136.593
8 13 136.593
8 13 136.593
8 12 136.593
8 12 136.593
8 9 136.593
8 9 136.593
8 5 136.593
8 5 136.593
8 4 136.593
8 4 136.593
7 24 160
7 24 160
7 11 160
7 11 160
7 1 160
7 1 160
6 10 160
6 10 160
6 9 117.96
6 9 117.96
6 3 160
6 3 160
6 2 160
6 2 160
6 0 160
6 0 160
5 17 142.888
5 17 142.888
5 8 136.593
5 8 136.593
5 4 160
5 4 160
4 8 136.593
4 8 136.593
4 5 160
4 5 160
4 3 160
4 3 160
4 0 160
4 0 160
3 9 117.96
3 9 117.96
3 6 160
3 6 160
3 4 160
3 4 160
3 2 160
3 2 160
3 0 160
3 0 160
2 6 160
2 6 160
2 3 160
2 3 160
2 1 160
2 1 160
2 0 160
2 0 160
1 7 160
1 7 160
1 2 160
1 2 160
1 0 160
1 0 160
0 6 160
0 6 160
0 4 160
0 4 160
0 3 160
0 3 160
0 2 160
0 2 160
0 1 160
0 1 160
