@nodes
label table_size
38 735
37 735
36 735
35 735
34 735
33 735
32 735
31 735
30 735
29 735
28 735
27 735
26 735
25 735
24 735
23 735
22 735
21 735
20 735
19 735
18 735
17 735
16 735
15 735
14 735
13 735
12 735
11 735
10 735
9 735
8 735
7 735
6 735
5 735
4 735
3 735
2 735
1 735
0 735
@arcs
       bandwidth
38 36 85.152
38 36 85.152
38 32 86.9792
38 32 86.9792
38 30 83.7743
38 30 83.7743
37 36 85.152
37 36 85.152
37 35 83.2035
37 35 83.2035
37 33 83.1422
37 33 83.1422
36 38 85.152
36 38 85.152
36 37 85.152
36 37 85.152
36 33 83.1422
36 33 83.1422
36 32 86.9792
36 32 86.9792
36 31 87.2405
36 31 87.2405
35 37 83.2035
35 37 83.2035
35 34 85.0107
35 34 85.0107
35 20 83.7517
35 20 83.7517
35 17 82.5344
35 17 82.5344
34 35 85.0107
34 35 85.0107
34 33 83.1422
34 33 83.1422
34 26 85.0072
34 26 85.0072
33 37 83.1422
33 37 83.1422
33 36 83.1422
33 36 83.1422
33 34 83.1422
33 34 83.1422
33 32 86.9792
33 32 86.9792
33 31 87.2405
33 31 87.2405
33 27 83.9234
33 27 83.9234
33 25 83.9276
33 25 83.9276
33 22 84.3417
33 22 84.3417
32 38 86.9792
32 38 86.9792
32 36 86.9792
32 36 86.9792
32 33 86.9792
32 33 86.9792
32 30 83.7743
32 30 83.7743
31 36 87.2405
31 36 87.2405
31 33 87.2405
31 33 87.2405
31 27 83.9234
31 27 83.9234
30 38 83.7743
30 38 83.7743
30 32 83.7743
30 32 83.7743
30 29 90.3212
30 29 90.3212
30 28 91.034
30 28 91.034
30 27 83.9234
30 27 83.9234
30 24 84.3251
30 24 84.3251
30 16 83.9986
30 16 83.9986
29 30 90.3212
29 30 90.3212
29 28 91.034
29 28 91.034
29 27 83.9234
29 27 83.9234
29 25 83.9276
29 25 83.9276
28 30 91.034
28 30 91.034
28 29 91.034
28 29 91.034
28 23 83.6036
28 23 83.6036
27 33 83.9234
27 33 83.9234
27 31 83.9234
27 31 83.9234
27 30 83.9234
27 30 83.9234
27 29 83.9234
27 29 83.9234
27 23 83.6036
27 23 83.6036
27 22 84.3417
27 22 84.3417
26 34 85.0072
26 34 85.0072
26 25 83.9276
26 25 83.9276
26 21 83.6285
26 21 83.6285
25 33 83.9276
25 33 83.9276
25 29 83.9276
25 29 83.9276
25 26 83.9276
25 26 83.9276
25 22 84.3417
25 22 84.3417
25 19 87.1734
25 19 87.1734
25 18 83.7967
25 18 83.7967
25 13 83.2589
25 13 83.2589
24 30 84.3251
24 30 84.3251
24 16 83.9986
24 16 83.9986
24 11 85.2151
24 11 85.2151
24 7 84.7286
24 7 84.7286
23 28 83.6036
23 28 83.6036
23 27 83.6036
23 27 83.6036
23 22 84.3417
23 22 84.3417
23 16 83.9986
23 16 83.9986
23 15 85.5425
23 15 85.5425
23 9 82.0129
23 9 82.0129
22 33 84.3417
22 33 84.3417
22 27 84.3417
22 27 84.3417
22 25 84.3417
22 25 84.3417
22 23 84.3417
22 23 84.3417
22 19 87.1734
22 19 87.1734
22 15 85.5425
22 15 85.5425
21 26 83.6285
21 26 83.6285
21 20 83.7517
21 20 83.7517
21 18 83.7967
21 18 83.7967
20 35 83.7517
20 35 83.7517
20 21 83.7517
20 21 83.7517
20 17 82.5344
20 17 82.5344
19 25 87.1734
19 25 87.1734
19 22 87.1734
19 22 87.1734
19 15 85.5425
19 15 85.5425
19 13 83.2589
19 13 83.2589
18 25 83.7967
18 25 83.7967
18 21 83.7967
18 21 83.7967
18 17 82.5344
18 17 82.5344
18 12 82.7659
18 12 82.7659
17 35 82.5344
17 35 82.5344
17 20 82.5344
17 20 82.5344
17 18 82.5344
17 18 82.5344
17 12 82.7659
17 12 82.7659
17 5 83.9318
17 5 83.9318
16 30 83.9986
16 30 83.9986
16 24 83.9986
16 24 83.9986
16 23 83.9986
16 23 83.9986
16 15 85.5425
16 15 85.5425
16 10 84.0249
16 10 84.0249
15 23 85.5425
15 23 85.5425
15 22 85.5425
15 22 85.5425
15 19 85.5425
15 19 85.5425
15 16 85.5425
15 16 85.5425
15 14 84.0684
15 14 84.0684
14 15 84.0684
14 15 84.0684
14 13 83.2589
14 13 83.2589
14 9 82.0129
14 9 82.0129
14 8 82.4866
14 8 82.4866
13 25 83.2589
13 25 83.2589
13 19 83.2589
13 19 83.2589
13 14 83.2589
13 14 83.2589
13 12 82.7659
13 12 82.7659
13 8 82.4866
13 8 82.4866
12 18 82.7659
12 18 82.7659
12 17 82.7659
12 17 82.7659
12 13 82.7659
12 13 82.7659
12 8 82.4866
12 8 82.4866
11 24 85.2151
11 24 85.2151
11 10 84.0249
11 10 84.0249
11 7 84.7286
11 7 84.7286
10 16 84.0249
10 16 84.0249
10 11 84.0249
10 11 84.0249
10 9 82.0129
10 9 82.0129
10 6 83.6272
10 6 83.6272
9 23 82.0129
9 23 82.0129
9 14 82.0129
9 14 82.0129
9 10 82.0129
9 10 82.0129
9 8 82.4866
9 8 82.4866
9 6 83.6272
9 6 83.6272
9 3 83.0646
9 3 83.0646
8 14 82.4866
8 14 82.4866
8 13 82.4866
8 13 82.4866
8 12 82.4866
8 12 82.4866
8 9 82.4866
8 9 82.4866
8 5 83.9318
8 5 83.9318
8 4 83.0258
8 4 83.0258
7 24 84.7286
7 24 84.7286
7 11 84.7286
7 11 84.7286
7 1 83.703
7 1 83.703
6 10 83.6272
6 10 83.6272
6 9 83.6272
6 9 83.6272
6 3 83.0646
6 3 83.0646
6 2 83.8002
6 2 83.8002
6 0 83.6178
6 0 83.6178
5 17 83.9318
5 17 83.9318
5 8 83.9318
5 8 83.9318
5 4 83.0258
5 4 83.0258
4 8 83.0258
4 8 83.0258
4 5 83.0258
4 5 83.0258
4 3 83.0646
4 3 83.0646
4 0 83.6178
4 0 83.6178
3 9 83.0646
3 9 83.0646
3 6 83.0646
3 6 83.0646
3 4 83.0646
3 4 83.0646
3 2 83.8002
3 2 83.8002
3 0 83.6178
3 0 83.6178
2 6 83.8002
2 6 83.8002
2 3 83.8002
2 3 83.8002
2 1 83.703
2 1 83.703
2 0 83.6178
2 0 83.6178
1 7 83.703
1 7 83.703
1 2 83.703
1 2 83.703
1 0 83.6178
1 0 83.6178
0 6 83.6178
0 6 83.6178
0 4 83.6178
0 4 83.6178
0 3 83.6178
0 3 83.6178
0 2 83.6178
0 2 83.6178
0 1 83.6178
0 1 83.6178
