@nodes
label table_size
38 735
37 735
36 735
35 735
34 735
33 735
32 735
31 735
30 735
29 735
28 735
27 735
26 735
25 735
24 735
23 735
22 735
21 735
20 735
19 735
18 735
17 735
16 735
15 735
14 735
13 735
12 735
11 735
10 735
9 735
8 735
7 735
6 735
5 735
4 735
3 735
2 735
1 735
0 735
@arcs
       bandwidth
38 36 86.2573
38 36 86.2573
38 32 88.2782
38 32 88.2782
38 30 84.4387
38 30 84.4387
37 36 86.2573
37 36 86.2573
37 35 83.8984
37 35 83.8984
37 33 83.7388
37 33 83.7388
36 38 86.2573
36 38 86.2573
36 37 86.2573
36 37 86.2573
36 33 83.7388
36 33 83.7388
36 32 88.2782
36 32 88.2782
36 31 88.4374
36 31 88.4374
35 37 83.8984
35 37 83.8984
35 34 86.0813
35 34 86.0813
35 20 84.5691
35 20 84.5691
35 17 83.1312
35 17 83.1312
34 35 86.0813
34 35 86.0813
34 33 83.7388
34 33 83.7388
34 26 86.2868
34 26 86.2868
33 37 83.7388
33 37 83.7388
33 36 83.7388
33 36 83.7388
33 34 83.7388
33 34 83.7388
33 32 88.2782
33 32 88.2782
33 31 88.4374
33 31 88.4374
33 27 84.5891
33 27 84.5891
33 25 84.6281
33 25 84.6281
33 22 85.0905
33 22 85.0905
32 38 88.2782
32 38 88.2782
32 36 88.2782
32 36 88.2782
32 33 88.2782
32 33 88.2782
32 30 84.4387
32 30 84.4387
31 36 88.4374
31 36 88.4374
31 33 88.4374
31 33 88.4374
31 27 84.5891
31 27 84.5891
30 38 84.4387
30 38 84.4387
30 32 84.4387
30 32 84.4387
30 29 91.9391
30 29 91.9391
30 28 93.058
30 28 93.058
30 27 84.5891
30 27 84.5891
30 24 85.2188
30 24 85.2188
30 16 84.7021
30 16 84.7021
29 30 91.9391
29 30 91.9391
29 28 93.058
29 28 93.058
29 27 84.5891
29 27 84.5891
29 25 84.6281
29 25 84.6281
28 30 93.058
28 30 93.058
28 29 93.058
28 29 93.058
28 23 84.2208
28 23 84.2208
27 33 84.5891
27 33 84.5891
27 31 84.5891
27 31 84.5891
27 30 84.5891
27 30 84.5891
27 29 84.5891
27 29 84.5891
27 23 84.2208
27 23 84.2208
27 22 85.0905
27 22 85.0905
26 34 86.2868
26 34 86.2868
26 25 84.6281
26 25 84.6281
26 21 84.5486
26 21 84.5486
25 33 84.6281
25 33 84.6281
25 29 84.6281
25 29 84.6281
25 26 84.6281
25 26 84.6281
25 22 85.0905
25 22 85.0905
25 19 88.5254
25 19 88.5254
25 18 84.7142
25 18 84.7142
25 13 83.9318
25 13 83.9318
24 30 85.2188
24 30 85.2188
24 16 84.7021
24 16 84.7021
24 11 86.5254
24 11 86.5254
24 7 85.9232
24 7 85.9232
23 28 84.2208
23 28 84.2208
23 27 84.2208
23 27 84.2208
23 22 85.0905
23 22 85.0905
23 16 84.7021
23 16 84.7021
23 15 86.5486
23 15 86.5486
23 9 82.4728
23 9 82.4728
22 33 85.0905
22 33 85.0905
22 27 85.0905
22 27 85.0905
22 25 85.0905
22 25 85.0905
22 23 85.0905
22 23 85.0905
22 19 88.5254
22 19 88.5254
22 15 86.5486
22 15 86.5486
21 26 84.5486
21 26 84.5486
21 20 84.5691
21 20 84.5691
21 18 84.7142
21 18 84.7142
20 35 84.5691
20 35 84.5691
20 21 84.5691
20 21 84.5691
20 17 83.1312
20 17 83.1312
19 25 88.5254
19 25 88.5254
19 22 88.5254
19 22 88.5254
19 15 86.5486
19 15 86.5486
19 13 83.9318
19 13 83.9318
18 25 84.7142
18 25 84.7142
18 21 84.7142
18 21 84.7142
18 17 83.1312
18 17 83.1312
18 12 83.4619
18 12 83.4619
17 35 83.1312
17 35 83.1312
17 20 83.1312
17 20 83.1312
17 18 83.1312
17 18 83.1312
17 12 83.4619
17 12 83.4619
17 5 84.9558
17 5 84.9558
16 30 84.7021
16 30 84.7021
16 24 84.7021
16 24 84.7021
16 23 84.7021
16 23 84.7021
16 15 86.5486
16 15 86.5486
16 10 84.8399
16 10 84.8399
15 23 86.5486
15 23 86.5486
15 22 86.5486
15 22 86.5486
15 19 86.5486
15 19 86.5486
15 16 86.5486
15 16 86.5486
15 14 84.872
15 14 84.872
14 15 84.872
14 15 84.872
14 13 83.9318
14 13 83.9318
14 9 82.4728
14 9 82.4728
14 8 83.0487
14 8 83.0487
13 25 83.9318
13 25 83.9318
13 19 83.9318
13 19 83.9318
13 14 83.9318
13 14 83.9318
13 12 83.4619
13 12 83.4619
13 8 83.0487
13 8 83.0487
12 18 83.4619
12 18 83.4619
12 17 83.4619
12 17 83.4619
12 13 83.4619
12 13 83.4619
12 8 83.0487
12 8 83.0487
11 24 86.5254
11 24 86.5254
11 10 84.8399
11 10 84.8399
11 7 85.9232
11 7 85.9232
10 16 84.8399
10 16 84.8399
10 11 84.8399
10 11 84.8399
10 9 82.4728
10 9 82.4728
10 6 84.3747
10 6 84.3747
9 23 82.4728
9 23 82.4728
9 14 82.4728
9 14 82.4728
9 10 82.4728
9 10 82.4728
9 8 83.0487
9 8 83.0487
9 6 84.3747
9 6 84.3747
9 3 83.7642
9 3 83.7642
8 14 83.0487
8 14 83.0487
8 13 83.0487
8 13 83.0487
8 12 83.0487
8 12 83.0487
8 9 83.0487
8 9 83.0487
8 5 84.9558
8 5 84.9558
8 4 83.7402
8 4 83.7402
7 24 85.9232
7 24 85.9232
7 11 85.9232
7 11 85.9232
7 1 84.7484
7 1 84.7484
6 10 84.3747
6 10 84.3747
6 9 84.3747
6 9 84.3747
6 3 83.7642
6 3 83.7642
6 2 84.7119
6 2 84.7119
6 0 84.5262
6 0 84.5262
5 17 84.9558
5 17 84.9558
5 8 84.9558
5 8 84.9558
5 4 83.7402
5 4 83.7402
4 8 83.7402
4 8 83.7402
4 5 83.7402
4 5 83.7402
4 3 83.7642
4 3 83.7642
4 0 84.5262
4 0 84.5262
3 9 83.7642
3 9 83.7642
3 6 83.7642
3 6 83.7642
3 4 83.7642
3 4 83.7642
3 2 84.7119
3 2 84.7119
3 0 84.5262
3 0 84.5262
2 6 84.7119
2 6 84.7119
2 3 84.7119
2 3 84.7119
2 1 84.7484
2 1 84.7484
2 0 84.5262
2 0 84.5262
1 7 84.7484
1 7 84.7484
1 2 84.7484
1 2 84.7484
1 0 84.5262
1 0 84.5262
0 6 84.5262
0 6 84.5262
0 4 84.5262
0 4 84.5262
0 3 84.5262
0 3 84.5262
0 2 84.5262
0 2 84.5262
0 1 84.5262
0 1 84.5262
