@nodes
label table_size
38 735
37 735
36 735
35 735
34 735
33 735
32 735
31 735
30 735
29 735
28 735
27 735
26 735
25 735
24 735
23 735
22 735
21 735
20 735
19 735
18 735
17 735
16 735
15 735
14 735
13 735
12 735
11 735
10 735
9 735
8 735
7 735
6 735
5 735
4 735
3 735
2 735
1 735
0 735
@arcs
       bandwidth
38 36 91.0964
38 36 91.0964
38 32 95.6175
38 32 95.6175
38 30 87.5803
38 30 87.5803
37 36 91.0964
37 36 91.0964
37 35 86.4438
37 35 86.4438
37 33 85.8189
37 33 85.8189
36 38 91.0964
36 38 91.0964
36 37 91.0964
36 37 91.0964
36 33 85.8189
36 33 85.8189
36 32 95.6175
36 32 95.6175
36 31 94.9352
36 31 94.9352
35 37 86.4438
35 37 86.4438
35 34 89.8016
35 34 89.8016
35 20 88.2619
35 20 88.2619
35 17 85.1884
35 17 85.1884
34 35 89.8016
34 35 89.8016
34 33 85.8189
34 33 85.8189
34 26 90.0599
34 26 90.0599
33 37 85.8189
33 37 85.8189
33 36 85.8189
33 36 85.8189
33 34 85.8189
33 34 85.8189
33 32 95.6175
33 32 95.6175
33 31 94.9352
33 31 94.9352
33 27 87.3253
33 27 87.3253
33 25 86.4396
33 25 86.4396
33 22 87.7767
33 22 87.7767
32 38 95.6175
32 38 95.6175
32 36 95.6175
32 36 95.6175
32 33 95.6175
32 33 95.6175
32 30 87.5803
32 30 87.5803
31 36 94.9352
31 36 94.9352
31 33 94.9352
31 33 94.9352
31 27 87.3253
31 27 87.3253
30 38 87.5803
30 38 87.5803
30 32 87.5803
30 32 87.5803
30 29 98.828
30 29 98.828
30 28 102.468
30 28 102.468
30 27 87.3253
30 27 87.3253
30 24 88.984
30 24 88.984
30 16 87.3897
30 16 87.3897
29 30 98.828
29 30 98.828
29 28 102.468
29 28 102.468
29 27 87.3253
29 27 87.3253
29 25 86.4396
29 25 86.4396
28 30 102.468
28 30 102.468
28 29 102.468
28 29 102.468
28 23 86.7254
28 23 86.7254
27 33 87.3253
27 33 87.3253
27 31 87.3253
27 31 87.3253
27 30 87.3253
27 30 87.3253
27 29 87.3253
27 29 87.3253
27 23 86.7254
27 23 86.7254
27 22 87.7767
27 22 87.7767
26 34 90.0599
26 34 90.0599
26 25 86.4396
26 25 86.4396
26 21 88.0914
26 21 88.0914
25 33 86.4396
25 33 86.4396
25 29 86.4396
25 29 86.4396
25 26 86.4396
25 26 86.4396
25 22 87.7767
25 22 87.7767
25 19 92.697
25 19 92.697
25 18 87.6913
25 18 87.6913
25 13 86.3016
25 13 86.3016
24 30 88.984
24 30 88.984
24 16 87.3897
24 16 87.3897
24 11 92.3607
24 11 92.3607
24 7 91.2364
24 7 91.2364
23 28 86.7254
23 28 86.7254
23 27 86.7254
23 27 86.7254
23 22 87.7767
23 22 87.7767
23 16 87.3897
23 16 87.3897
23 15 89.8741
23 15 89.8741
23 9 84.1836
23 9 84.1836
22 33 87.7767
22 33 87.7767
22 27 87.7767
22 27 87.7767
22 25 87.7767
22 25 87.7767
22 23 87.7767
22 23 87.7767
22 19 92.697
22 19 92.697
22 15 89.8741
22 15 89.8741
21 26 88.0914
21 26 88.0914
21 20 88.2619
21 20 88.2619
21 18 87.6913
21 18 87.6913
20 35 88.2619
20 35 88.2619
20 21 88.2619
20 21 88.2619
20 17 85.1884
20 17 85.1884
19 25 92.697
19 25 92.697
19 22 92.697
19 22 92.697
19 15 89.8741
19 15 89.8741
19 13 86.3016
19 13 86.3016
18 25 87.6913
18 25 87.6913
18 21 87.6913
18 21 87.6913
18 17 85.1884
18 17 85.1884
18 12 85.8782
18 12 85.8782
17 35 85.1884
17 35 85.1884
17 20 85.1884
17 20 85.1884
17 18 85.1884
17 18 85.1884
17 12 85.8782
17 12 85.8782
17 5 88.1792
17 5 88.1792
16 30 87.3897
16 30 87.3897
16 24 87.3897
16 24 87.3897
16 23 87.3897
16 23 87.3897
16 15 89.8741
16 15 89.8741
16 10 88.1746
16 10 88.1746
15 23 89.8741
15 23 89.8741
15 22 89.8741
15 22 89.8741
15 19 89.8741
15 19 89.8741
15 16 89.8741
15 16 89.8741
15 14 87.9686
15 14 87.9686
14 15 87.9686
14 15 87.9686
14 13 86.3016
14 13 86.3016
14 9 84.1836
14 9 84.1836
14 8 85.1011
14 8 85.1011
13 25 86.3016
13 25 86.3016
13 19 86.3016
13 19 86.3016
13 14 86.3016
13 14 86.3016
13 12 85.8782
13 12 85.8782
13 8 85.1011
13 8 85.1011
12 18 85.8782
12 18 85.8782
12 17 85.8782
12 17 85.8782
12 13 85.8782
12 13 85.8782
12 8 85.1011
12 8 85.1011
11 24 92.3607
11 24 92.3607
11 10 88.1746
11 10 88.1746
11 7 91.2364
11 7 91.2364
10 16 88.1746
10 16 88.1746
10 11 88.1746
10 11 88.1746
10 9 84.1836
10 9 84.1836
10 6 88.1159
10 6 88.1159
9 23 84.1836
9 23 84.1836
9 14 84.1836
9 14 84.1836
9 10 84.1836
9 10 84.1836
9 8 85.1011
9 8 85.1011
9 6 88.1159
9 6 88.1159
9 3 86.8587
9 3 86.8587
8 14 85.1011
8 14 85.1011
8 13 85.1011
8 13 85.1011
8 12 85.1011
8 12 85.1011
8 9 85.1011
8 9 85.1011
8 5 88.1792
8 5 88.1792
8 4 86.3823
8 4 86.3823
7 24 91.2364
7 24 91.2364
7 11 91.2364
7 11 91.2364
7 1 89.2438
7 1 89.2438
6 10 88.1159
6 10 88.1159
6 9 88.1159
6 9 88.1159
6 3 86.8587
6 3 86.8587
6 2 88.9185
6 2 88.9185
6 0 88.7748
6 0 88.7748
5 17 88.1792
5 17 88.1792
5 8 88.1792
5 8 88.1792
5 4 86.3823
5 4 86.3823
4 8 86.3823
4 8 86.3823
4 5 86.3823
4 5 86.3823
4 3 86.8587
4 3 86.8587
4 0 88.7748
4 0 88.7748
3 9 86.8587
3 9 86.8587
3 6 86.8587
3 6 86.8587
3 4 86.8587
3 4 86.8587
3 2 88.9185
3 2 88.9185
3 0 88.7748
3 0 88.7748
2 6 88.9185
2 6 88.9185
2 3 88.9185
2 3 88.9185
2 1 89.2438
2 1 89.2438
2 0 88.7748
2 0 88.7748
1 7 89.2438
1 7 89.2438
1 2 89.2438
1 2 89.2438
1 0 88.7748
1 0 88.7748
0 6 88.7748
0 6 88.7748
0 4 88.7748
0 4 88.7748
0 3 88.7748
0 3 88.7748
0 2 88.7748
0 2 88.7748
0 1 88.7748
0 1 88.7748
