@nodes
label table_size
38 735
37 735
36 735
35 735
34 735
33 735
32 735
31 735
30 735
29 735
28 735
27 735
26 735
25 735
24 735
23 735
22 735
21 735
20 735
19 735
18 735
17 735
16 735
15 735
14 735
13 735
12 735
11 735
10 735
9 735
8 735
7 735
6 735
5 735
4 735
3 735
2 735
1 735
0 735
@arcs
       bandwidth
38 36 80.6939
38 36 80.6939
38 32 80.9325
38 32 80.9325
38 30 80.5463
38 30 80.5463
37 36 80.6939
37 36 80.6939
37 35 80.6074
37 35 80.6074
37 33 80.4852
37 33 80.4852
36 38 80.6939
36 38 80.6939
36 37 80.6939
36 37 80.6939
36 33 80.4852
36 33 80.4852
36 32 80.9325
36 32 80.9325
36 31 80.9041
36 31 80.9041
35 37 80.6074
35 37 80.6074
35 34 81.0518
35 34 81.0518
35 20 80.6341
35 20 80.6341
35 17 80.442
35 17 80.442
34 35 81.0518
34 35 81.0518
34 33 80.4852
34 33 80.4852
34 26 81.1487
34 26 81.1487
33 37 80.4852
33 37 80.4852
33 36 80.4852
33 36 80.4852
33 34 80.4852
33 34 80.4852
33 32 80.9325
33 32 80.9325
33 31 80.9041
33 31 80.9041
33 27 80.6119
33 27 80.6119
33 25 80.8437
33 25 80.8437
33 22 80.7179
33 22 80.7179
32 38 80.9325
32 38 80.9325
32 36 80.9325
32 36 80.9325
32 33 80.9325
32 33 80.9325
32 30 80.5463
32 30 80.5463
31 36 80.9041
31 36 80.9041
31 33 80.9041
31 33 80.9041
31 27 80.6119
31 27 80.6119
30 38 80.5463
30 38 80.5463
30 32 80.5463
30 32 80.5463
30 29 81.463
30 29 81.463
30 28 81.3248
30 28 81.3248
30 27 80.6119
30 27 80.6119
30 24 80.6953
30 24 80.6953
30 16 80.6661
30 16 80.6661
29 30 81.463
29 30 81.463
29 28 81.3248
29 28 81.3248
29 27 80.6119
29 27 80.6119
29 25 80.8437
29 25 80.8437
28 30 81.3248
28 30 81.3248
28 29 81.3248
28 29 81.3248
28 23 80.5486
28 23 80.5486
27 33 80.6119
27 33 80.6119
27 31 80.6119
27 31 80.6119
27 30 80.6119
27 30 80.6119
27 29 80.6119
27 29 80.6119
27 23 80.5486
27 23 80.5486
27 22 80.7179
27 22 80.7179
26 34 81.1487
26 34 81.1487
26 25 80.8437
26 25 80.8437
26 21 80.6536
26 21 80.6536
25 33 80.8437
25 33 80.8437
25 29 80.8437
25 29 80.8437
25 26 80.8437
25 26 80.8437
25 22 80.7179
25 22 80.7179
25 19 81.1907
25 19 81.1907
25 18 80.6498
25 18 80.6498
25 13 80.5248
25 13 80.5248
24 30 80.6953
24 30 80.6953
24 16 80.6661
24 16 80.6661
24 11 80.7588
24 11 80.7588
24 7 80.6595
24 7 80.6595
23 28 80.5486
23 28 80.5486
23 27 80.5486
23 27 80.5486
23 22 80.7179
23 22 80.7179
23 16 80.6661
23 16 80.6661
23 15 80.7924
23 15 80.7924
23 9 80.3314
23 9 80.3314
22 33 80.7179
22 33 80.7179
22 27 80.7179
22 27 80.7179
22 25 80.7179
22 25 80.7179
22 23 80.7179
22 23 80.7179
22 19 81.1907
22 19 81.1907
22 15 80.7924
22 15 80.7924
21 26 80.6536
21 26 80.6536
21 20 80.6341
21 20 80.6341
21 18 80.6498
21 18 80.6498
20 35 80.6341
20 35 80.6341
20 21 80.6341
20 21 80.6341
20 17 80.442
20 17 80.442
19 25 81.1907
19 25 81.1907
19 22 81.1907
19 22 81.1907
19 15 80.7924
19 15 80.7924
19 13 80.5248
19 13 80.5248
18 25 80.6498
18 25 80.6498
18 21 80.6498
18 21 80.6498
18 17 80.442
18 17 80.442
18 12 80.4659
18 12 80.4659
17 35 80.442
17 35 80.442
17 20 80.442
17 20 80.442
17 18 80.442
17 18 80.442
17 12 80.4659
17 12 80.4659
17 5 80.7443
17 5 80.7443
16 30 80.6661
16 30 80.6661
16 24 80.6661
16 24 80.6661
16 23 80.6661
16 23 80.6661
16 15 80.7924
16 15 80.7924
16 10 80.6125
16 10 80.6125
15 23 80.7924
15 23 80.7924
15 22 80.7924
15 22 80.7924
15 19 80.7924
15 19 80.7924
15 16 80.7924
15 16 80.7924
15 14 80.608
15 14 80.608
14 15 80.608
14 15 80.608
14 13 80.5248
14 13 80.5248
14 9 80.3314
14 9 80.3314
14 8 80.3834
14 8 80.3834
13 25 80.5248
13 25 80.5248
13 19 80.5248
13 19 80.5248
13 14 80.5248
13 14 80.5248
13 12 80.4659
13 12 80.4659
13 8 80.3834
13 8 80.3834
12 18 80.4659
12 18 80.4659
12 17 80.4659
12 17 80.4659
12 13 80.4659
12 13 80.4659
12 8 80.3834
12 8 80.3834
11 24 80.7588
11 24 80.7588
11 10 80.6125
11 10 80.6125
11 7 80.6595
11 7 80.6595
10 16 80.6125
10 16 80.6125
10 11 80.6125
10 11 80.6125
10 9 80.3314
10 9 80.3314
10 6 80.448
10 6 80.448
9 23 80.3314
9 23 80.3314
9 14 80.3314
9 14 80.3314
9 10 80.3314
9 10 80.3314
9 8 80.3834
9 8 80.3834
9 6 80.448
9 6 80.448
9 3 80.4086
9 3 80.4086
8 14 80.3834
8 14 80.3834
8 13 80.3834
8 13 80.3834
8 12 80.3834
8 12 80.3834
8 9 80.3834
8 9 80.3834
8 5 80.7443
8 5 80.7443
8 4 80.4556
8 4 80.4556
7 24 80.6595
7 24 80.6595
7 11 80.6595
7 11 80.6595
7 1 80.522
7 1 80.522
6 10 80.448
6 10 80.448
6 9 80.448
6 9 80.448
6 3 80.4086
6 3 80.4086
6 2 80.4893
6 2 80.4893
6 0 80.4262
6 0 80.4262
5 17 80.7443
5 17 80.7443
5 8 80.7443
5 8 80.7443
5 4 80.4556
5 4 80.4556
4 8 80.4556
4 8 80.4556
4 5 80.4556
4 5 80.4556
4 3 80.4086
4 3 80.4086
4 0 80.4262
4 0 80.4262
3 9 80.4086
3 9 80.4086
3 6 80.4086
3 6 80.4086
3 4 80.4086
3 4 80.4086
3 2 80.4893
3 2 80.4893
3 0 80.4262
3 0 80.4262
2 6 80.4893
2 6 80.4893
2 3 80.4893
2 3 80.4893
2 1 80.522
2 1 80.522
2 0 80.4262
2 0 80.4262
1 7 80.522
1 7 80.522
1 2 80.522
1 2 80.522
1 0 80.4262
1 0 80.4262
0 6 80.4262
0 6 80.4262
0 4 80.4262
0 4 80.4262
0 3 80.4262
0 3 80.4262
0 2 80.4262
0 2 80.4262
0 1 80.4262
0 1 80.4262
