@nodes
label table_size
38 735
37 735
36 735
35 735
34 735
33 735
32 735
31 735
30 735
29 735
28 735
27 735
26 735
25 735
24 735
23 735
22 735
21 735
20 735
19 735
18 735
17 735
16 735
15 735
14 735
13 735
12 735
11 735
10 735
9 735
8 735
7 735
6 735
5 735
4 735
3 735
2 735
1 735
0 735
@arcs
       bandwidth
38 36 160
38 36 160
38 32 160
38 32 160
38 30 122.394
38 30 122.394
37 36 160
37 36 160
37 35 156.463
37 35 156.463
37 33 117.62
37 33 117.62
36 38 160
36 38 160
36 37 160
36 37 160
36 33 117.62
36 33 117.62
36 32 160
36 32 160
36 31 160
36 31 160
35 37 156.463
35 37 156.463
35 34 156.463
35 34 156.463
35 20 156.463
35 20 156.463
35 17 128.797
35 17 128.797
34 35 156.463
34 35 156.463
34 33 117.62
34 33 117.62
34 26 160
34 26 160
33 37 117.62
33 37 117.62
33 36 117.62
33 36 117.62
33 34 117.62
33 34 117.62
33 32 117.62
33 32 117.62
33 31 117.62
33 31 117.62
33 27 131.715
33 27 131.715
33 25 116.096
33 25 116.096
33 22 143.023
33 22 143.023
32 38 160
32 38 160
32 36 160
32 36 160
32 33 117.62
32 33 117.62
32 30 122.394
32 30 122.394
31 36 160
31 36 160
31 33 117.62
31 33 117.62
31 27 131.715
31 27 131.715
30 38 122.394
30 38 122.394
30 32 122.394
30 32 122.394
30 29 122.394
30 29 122.394
30 28 122.394
30 28 122.394
30 27 131.715
30 27 131.715
30 24 148.933
30 24 148.933
30 16 131.264
30 16 131.264
29 30 122.394
29 30 122.394
29 28 160
29 28 160
29 27 131.715
29 27 131.715
29 25 116.096
29 25 116.096
28 30 122.394
28 30 122.394
28 29 160
28 29 160
28 23 121.91
28 23 121.91
27 33 131.715
27 33 131.715
27 31 131.715
27 31 131.715
27 30 131.715
27 30 131.715
27 29 131.715
27 29 131.715
27 23 121.91
27 23 121.91
27 22 143.023
27 22 143.023
26 34 160
26 34 160
26 25 116.096
26 25 116.096
26 21 160
26 21 160
25 33 116.096
25 33 116.096
25 29 116.096
25 29 116.096
25 26 116.096
25 26 116.096
25 22 143.023
25 22 143.023
25 19 116.096
25 19 116.096
25 18 116.096
25 18 116.096
25 13 136.922
25 13 136.922
24 30 148.933
24 30 148.933
24 16 131.264
24 16 131.264
24 11 148.933
24 11 148.933
24 7 148.933
24 7 148.933
23 28 121.91
23 28 121.91
23 27 121.91
23 27 121.91
23 22 143.023
23 22 143.023
23 16 131.264
23 16 131.264
23 15 156.662
23 15 156.662
23 9 110.294
23 9 110.294
22 33 143.023
22 33 143.023
22 27 143.023
22 27 143.023
22 25 143.023
22 25 143.023
22 23 143.023
22 23 143.023
22 19 143.023
22 19 143.023
22 15 156.662
22 15 156.662
21 26 160
21 26 160
21 20 160
21 20 160
21 18 160
21 18 160
20 35 156.463
20 35 156.463
20 21 160
20 21 160
20 17 128.797
20 17 128.797
19 25 116.096
19 25 116.096
19 22 143.023
19 22 143.023
19 15 156.662
19 15 156.662
19 13 136.922
19 13 136.922
18 25 116.096
18 25 116.096
18 21 160
18 21 160
18 17 128.797
18 17 128.797
18 12 145.845
18 12 145.845
17 35 128.797
17 35 128.797
17 20 128.797
17 20 128.797
17 18 128.797
17 18 128.797
17 12 145.845
17 12 145.845
17 5 128.797
17 5 128.797
16 30 131.264
16 30 131.264
16 24 131.264
16 24 131.264
16 23 131.264
16 23 131.264
16 15 156.662
16 15 156.662
16 10 143.568
16 10 143.568
15 23 156.662
15 23 156.662
15 22 156.662
15 22 156.662
15 19 156.662
15 19 156.662
15 16 156.662
15 16 156.662
15 14 156.463
15 14 156.463
14 15 156.463
14 15 156.463
14 13 136.922
14 13 136.922
14 9 110.294
14 9 110.294
14 8 122.888
14 8 122.888
13 25 136.922
13 25 136.922
13 19 136.922
13 19 136.922
13 14 136.922
13 14 136.922
13 12 145.845
13 12 145.845
13 8 122.888
13 8 122.888
12 18 145.845
12 18 145.845
12 17 145.845
12 17 145.845
12 13 145.845
12 13 145.845
12 8 122.888
12 8 122.888
11 24 148.933
11 24 148.933
11 10 143.568
11 10 143.568
11 7 160
11 7 160
10 16 143.568
10 16 143.568
10 11 143.568
10 11 143.568
10 9 110.294
10 9 110.294
10 6 155.871
10 6 155.871
9 23 110.294
9 23 110.294
9 14 110.294
9 14 110.294
9 10 110.294
9 10 110.294
9 8 122.888
9 8 122.888
9 6 155.871
9 6 155.871
9 3 154.149
9 3 154.149
8 14 122.888
8 14 122.888
8 13 122.888
8 13 122.888
8 12 122.888
8 12 122.888
8 9 122.888
8 9 122.888
8 5 122.888
8 5 122.888
8 4 139.817
8 4 139.817
7 24 148.933
7 24 148.933
7 11 160
7 11 160
7 1 160
7 1 160
6 10 155.871
6 10 155.871
6 9 155.871
6 9 155.871
6 3 154.149
6 3 154.149
6 2 155.871
6 2 155.871
6 0 155.871
6 0 155.871
5 17 128.797
5 17 128.797
5 8 122.888
5 8 122.888
5 4 139.817
5 4 139.817
4 8 139.817
4 8 139.817
4 5 139.817
4 5 139.817
4 3 154.149
4 3 154.149
4 0 139.817
4 0 139.817
3 9 154.149
3 9 154.149
3 6 154.149
3 6 154.149
3 4 154.149
3 4 154.149
3 2 154.149
3 2 154.149
3 0 154.149
3 0 154.149
2 6 155.871
2 6 155.871
2 3 154.149
2 3 154.149
2 1 160
2 1 160
2 0 160
2 0 160
1 7 160
1 7 160
1 2 160
1 2 160
1 0 160
1 0 160
0 6 155.871
0 6 155.871
0 4 139.817
0 4 139.817
0 3 154.149
0 3 154.149
0 2 160
0 2 160
0 1 160
0 1 160
