@nodes
label table_size
38 735
37 735
36 735
35 735
34 735
33 735
32 735
31 735
30 735
29 735
28 735
27 735
26 735
25 735
24 735
23 735
22 735
21 735
20 735
19 735
18 735
17 735
16 735
15 735
14 735
13 735
12 735
11 735
10 735
9 735
8 735
7 735
6 735
5 735
4 735
3 735
2 735
1 735
0 735
@arcs
       bandwidth
38 36 81.3338
38 36 81.3338
38 32 81.7057
38 32 81.7057
38 30 81.0265
38 30 81.0265
37 36 81.3338
37 36 81.3338
37 35 81.0435
37 35 81.0435
37 33 80.9121
37 33 80.9121
36 38 81.3338
36 38 81.3338
36 37 81.3338
36 37 81.3338
36 33 80.9121
36 33 80.9121
36 32 81.7057
36 32 81.7057
36 31 81.727
36 31 81.727
35 37 81.0435
35 37 81.0435
35 34 81.7884
35 34 81.7884
35 20 81.0735
35 20 81.0735
35 17 80.763
35 17 80.763
34 35 81.7884
34 35 81.7884
34 33 80.9121
34 33 80.9121
34 26 81.9503
34 26 81.9503
33 37 80.9121
33 37 80.9121
33 36 80.9121
33 36 80.9121
33 34 80.9121
33 34 80.9121
33 32 81.7057
33 32 81.7057
33 31 81.727
33 31 81.727
33 27 81.1389
33 27 81.1389
33 25 81.6726
33 25 81.6726
33 22 81.4011
33 22 81.4011
32 38 81.7057
32 38 81.7057
32 36 81.7057
32 36 81.7057
32 33 81.7057
32 33 81.7057
32 30 81.0265
32 30 81.0265
31 36 81.727
31 36 81.727
31 33 81.727
31 33 81.727
31 27 81.1389
31 27 81.1389
30 38 81.0265
30 38 81.0265
30 32 81.0265
30 32 81.0265
30 29 83.1268
30 29 83.1268
30 28 82.688
30 28 82.688
30 27 81.1389
30 27 81.1389
30 24 81.29
30 24 81.29
30 16 81.3047
30 16 81.3047
29 30 83.1268
29 30 83.1268
29 28 82.688
29 28 82.688
29 27 81.1389
29 27 81.1389
29 25 81.6726
29 25 81.6726
28 30 82.688
28 30 82.688
28 29 82.688
28 29 82.688
28 23 81.0732
28 23 81.0732
27 33 81.1389
27 33 81.1389
27 31 81.1389
27 31 81.1389
27 30 81.1389
27 30 81.1389
27 29 81.1389
27 29 81.1389
27 23 81.0732
27 23 81.0732
27 22 81.4011
27 22 81.4011
26 34 81.9503
26 34 81.9503
26 25 81.6726
26 25 81.6726
26 21 81.0994
26 21 81.0994
25 33 81.6726
25 33 81.6726
25 29 81.6726
25 29 81.6726
25 26 81.6726
25 26 81.6726
25 22 81.4011
25 22 81.4011
25 19 82.5651
25 19 82.5651
25 18 81.1398
25 18 81.1398
25 13 80.9718
25 13 80.9718
24 30 81.29
24 30 81.29
24 16 81.3047
24 16 81.3047
24 11 81.3782
24 11 81.3782
24 7 81.1916
24 7 81.1916
23 28 81.0732
23 28 81.0732
23 27 81.0732
23 27 81.0732
23 22 81.4011
23 22 81.4011
23 16 81.3047
23 16 81.3047
23 15 81.6612
23 15 81.6612
23 9 80.5866
23 9 80.5866
22 33 81.4011
22 33 81.4011
22 27 81.4011
22 27 81.4011
22 25 81.4011
22 25 81.4011
22 23 81.4011
22 23 81.4011
22 19 82.5651
22 19 82.5651
22 15 81.6612
22 15 81.6612
21 26 81.0994
21 26 81.0994
21 20 81.0735
21 20 81.0735
21 18 81.1398
21 18 81.1398
20 35 81.0735
20 35 81.0735
20 21 81.0735
20 21 81.0735
20 17 80.763
20 17 80.763
19 25 82.5651
19 25 82.5651
19 22 82.5651
19 22 82.5651
19 15 81.6612
19 15 81.6612
19 13 80.9718
19 13 80.9718
18 25 81.1398
18 25 81.1398
18 21 81.1398
18 21 81.1398
18 17 80.763
18 17 80.763
18 12 80.8062
18 12 80.8062
17 35 80.763
17 35 80.763
17 20 80.763
17 20 80.763
17 18 80.763
17 18 80.763
17 12 80.8062
17 12 80.8062
17 5 81.274
17 5 81.274
16 30 81.3047
16 30 81.3047
16 24 81.3047
16 24 81.3047
16 23 81.3047
16 23 81.3047
16 15 81.6612
16 15 81.6612
16 10 81.1489
16 10 81.1489
15 23 81.6612
15 23 81.6612
15 22 81.6612
15 22 81.6612
15 19 81.6612
15 19 81.6612
15 16 81.6612
15 16 81.6612
15 14 81.1113
15 14 81.1113
14 15 81.1113
14 15 81.1113
14 13 80.9718
14 13 80.9718
14 9 80.5866
14 9 80.5866
14 8 80.7066
14 8 80.7066
13 25 80.9718
13 25 80.9718
13 19 80.9718
13 19 80.9718
13 14 80.9718
13 14 80.9718
13 12 80.8062
13 12 80.8062
13 8 80.7066
13 8 80.7066
12 18 80.8062
12 18 80.8062
12 17 80.8062
12 17 80.8062
12 13 80.8062
12 13 80.8062
12 8 80.7066
12 8 80.7066
11 24 81.3782
11 24 81.3782
11 10 81.1489
11 10 81.1489
11 7 81.1916
11 7 81.1916
10 16 81.1489
10 16 81.1489
10 11 81.1489
10 11 81.1489
10 9 80.5866
10 9 80.5866
10 6 80.8521
10 6 80.8521
9 23 80.5866
9 23 80.5866
9 14 80.5866
9 14 80.5866
9 10 80.5866
9 10 80.5866
9 8 80.7066
9 8 80.7066
9 6 80.8521
9 6 80.8521
9 3 80.7635
9 3 80.7635
8 14 80.7066
8 14 80.7066
8 13 80.7066
8 13 80.7066
8 12 80.7066
8 12 80.7066
8 9 80.7066
8 9 80.7066
8 5 81.274
8 5 81.274
8 4 80.8354
8 4 80.8354
7 24 81.1916
7 24 81.1916
7 11 81.1916
7 11 81.1916
7 1 80.921
7 1 80.921
6 10 80.8521
6 10 80.8521
6 9 80.8521
6 9 80.8521
6 3 80.7635
6 3 80.7635
6 2 80.9025
6 2 80.9025
6 0 80.8203
6 0 80.8203
5 17 81.274
5 17 81.274
5 8 81.274
5 8 81.274
5 4 80.8354
5 4 80.8354
4 8 80.8354
4 8 80.8354
4 5 80.8354
4 5 80.8354
4 3 80.7635
4 3 80.7635
4 0 80.8203
4 0 80.8203
3 9 80.7635
3 9 80.7635
3 6 80.7635
3 6 80.7635
3 4 80.7635
3 4 80.7635
3 2 80.9025
3 2 80.9025
3 0 80.8203
3 0 80.8203
2 6 80.9025
2 6 80.9025
2 3 80.9025
2 3 80.9025
2 1 80.921
2 1 80.921
2 0 80.8203
2 0 80.8203
1 7 80.921
1 7 80.921
1 2 80.921
1 2 80.921
1 0 80.8203
1 0 80.8203
0 6 80.8203
0 6 80.8203
0 4 80.8203
0 4 80.8203
0 3 80.8203
0 3 80.8203
0 2 80.8203
0 2 80.8203
0 1 80.8203
0 1 80.8203
