@nodes
label table_size
38 735
37 735
36 735
35 735
34 735
33 735
32 735
31 735
30 735
29 735
28 735
27 735
26 735
25 735
24 735
23 735
22 735
21 735
20 735
19 735
18 735
17 735
16 735
15 735
14 735
13 735
12 735
11 735
10 735
9 735
8 735
7 735
6 735
5 735
4 735
3 735
2 735
1 735
0 735
@arcs
       bandwidth
38 36 149.421
38 36 149.421
38 32 160
38 32 160
38 30 108.98
38 30 108.98
37 36 149.421
37 36 149.421
37 35 122.826
37 35 122.826
37 33 104.737
37 33 104.737
36 38 149.421
36 38 149.421
36 37 149.421
36 37 149.421
36 33 104.737
36 33 104.737
36 32 149.421
36 32 149.421
36 31 149.421
36 31 149.421
35 37 122.826
35 37 122.826
35 34 146.894
35 34 146.894
35 20 151.1
35 20 151.1
35 17 108.951
35 17 108.951
34 35 146.894
34 35 146.894
34 33 104.737
34 33 104.737
34 26 141.7
34 26 141.7
33 37 104.737
33 37 104.737
33 36 104.737
33 36 104.737
33 34 104.737
33 34 104.737
33 32 104.737
33 32 104.737
33 31 104.737
33 31 104.737
33 27 112.009
33 27 112.009
33 25 103.815
33 25 103.815
33 22 117.524
33 22 117.524
32 38 160
32 38 160
32 36 149.421
32 36 149.421
32 33 104.737
32 33 104.737
32 30 108.98
32 30 108.98
31 36 149.421
31 36 149.421
31 33 104.737
31 33 104.737
31 27 112.009
31 27 112.009
30 38 108.98
30 38 108.98
30 32 108.98
30 32 108.98
30 29 108.98
30 29 108.98
30 28 108.98
30 28 108.98
30 27 112.009
30 27 112.009
30 24 123.14
30 24 123.14
30 16 111.939
30 16 111.939
29 30 108.98
29 30 108.98
29 28 160
29 28 160
29 27 112.009
29 27 112.009
29 25 103.815
29 25 103.815
28 30 108.98
28 30 108.98
28 29 160
28 29 160
28 23 107.515
28 23 107.515
27 33 112.009
27 33 112.009
27 31 112.009
27 31 112.009
27 30 112.009
27 30 112.009
27 29 112.009
27 29 112.009
27 23 107.515
27 23 107.515
27 22 117.524
27 22 117.524
26 34 141.7
26 34 141.7
26 25 103.815
26 25 103.815
26 21 139.695
26 21 139.695
25 33 103.815
25 33 103.815
25 29 103.815
25 29 103.815
25 26 103.815
25 26 103.815
25 22 117.524
25 22 117.524
25 19 151.1
25 19 151.1
25 18 123.077
25 18 123.077
25 13 114.568
25 13 114.568
24 30 123.14
24 30 123.14
24 16 111.939
24 16 111.939
24 11 123.14
24 11 123.14
24 7 123.14
24 7 123.14
23 28 107.515
23 28 107.515
23 27 107.515
23 27 107.515
23 22 117.524
23 22 117.524
23 16 111.939
23 16 111.939
23 15 126.409
23 15 126.409
23 9 100.524
23 9 100.524
22 33 117.524
22 33 117.524
22 27 117.524
22 27 117.524
22 25 117.524
22 25 117.524
22 23 117.524
22 23 117.524
22 19 151.1
22 19 151.1
22 15 126.409
22 15 126.409
21 26 139.695
21 26 139.695
21 20 151.1
21 20 151.1
21 18 123.077
21 18 123.077
20 35 151.1
20 35 151.1
20 21 151.1
20 21 151.1
20 17 108.951
20 17 108.951
19 25 151.1
19 25 151.1
19 22 151.1
19 22 151.1
19 15 126.409
19 15 126.409
19 13 114.568
19 13 114.568
18 25 123.077
18 25 123.077
18 21 123.077
18 21 123.077
18 17 108.951
18 17 108.951
18 12 116.364
18 12 116.364
17 35 108.951
17 35 108.951
17 20 108.951
17 20 108.951
17 18 108.951
17 18 108.951
17 12 116.364
17 12 116.364
17 5 128
17 5 128
16 30 111.939
16 30 111.939
16 24 111.939
16 24 111.939
16 23 111.939
16 23 111.939
16 15 126.409
16 15 126.409
16 10 118.608
16 10 118.608
15 23 126.409
15 23 126.409
15 22 126.409
15 22 126.409
15 19 126.409
15 19 126.409
15 16 126.409
15 16 126.409
15 14 127.078
15 14 127.078
14 15 127.078
14 15 127.078
14 13 114.568
14 13 114.568
14 9 100.524
14 9 100.524
14 8 108.094
14 8 108.094
13 25 114.568
13 25 114.568
13 19 114.568
13 19 114.568
13 14 114.568
13 14 114.568
13 12 116.364
13 12 116.364
13 8 108.094
13 8 108.094
12 18 116.364
12 18 116.364
12 17 116.364
12 17 116.364
12 13 116.364
12 13 116.364
12 8 108.094
12 8 108.094
11 24 123.14
11 24 123.14
11 10 118.608
11 10 118.608
11 7 160
11 7 160
10 16 118.608
10 16 118.608
10 11 118.608
10 11 118.608
10 9 100.524
10 9 100.524
10 6 126.118
10 6 126.118
9 23 100.524
9 23 100.524
9 14 100.524
9 14 100.524
9 10 100.524
9 10 100.524
9 8 108.094
9 8 108.094
9 6 126.118
9 6 126.118
9 3 122.951
9 3 122.951
8 14 108.094
8 14 108.094
8 13 108.094
8 13 108.094
8 12 108.094
8 12 108.094
8 9 108.094
8 9 108.094
8 5 128
8 5 128
8 4 116.454
8 4 116.454
7 24 123.14
7 24 123.14
7 11 160
7 11 160
7 1 160
7 1 160
6 10 126.118
6 10 126.118
6 9 126.118
6 9 126.118
6 3 122.951
6 3 122.951
6 2 126.118
6 2 126.118
6 0 157.675
6 0 157.675
5 17 128
5 17 128
5 8 128
5 8 128
5 4 116.454
5 4 116.454
4 8 116.454
4 8 116.454
4 5 116.454
4 5 116.454
4 3 122.951
4 3 122.951
4 0 157.675
4 0 157.675
3 9 122.951
3 9 122.951
3 6 122.951
3 6 122.951
3 4 122.951
3 4 122.951
3 2 122.951
3 2 122.951
3 0 157.675
3 0 157.675
2 6 126.118
2 6 126.118
2 3 122.951
2 3 122.951
2 1 160
2 1 160
2 0 157.675
2 0 157.675
1 7 160
1 7 160
1 2 160
1 2 160
1 0 157.675
1 0 157.675
0 6 157.675
0 6 157.675
0 4 157.675
0 4 157.675
0 3 157.675
0 3 157.675
0 2 157.675
0 2 157.675
0 1 157.675
0 1 157.675
