@nodes
label table_size
38 735
37 735
36 735
35 735
34 735
33 735
32 735
31 735
30 735
29 735
28 735
27 735
26 735
25 735
24 735
23 735
22 735
21 735
20 735
19 735
18 735
17 735
16 735
15 735
14 735
13 735
12 735
11 735
10 735
9 735
8 735
7 735
6 735
5 735
4 735
3 735
2 735
1 735
0 735
@arcs
       bandwidth
38 36 120.246
38 36 120.246
38 32 138.977
38 32 138.977
38 30 100.075
38 30 100.075
37 36 120.246
37 36 120.246
37 35 104.947
37 35 104.947
37 33 96.9306
37 33 96.9306
36 38 120.246
36 38 120.246
36 37 120.246
36 37 120.246
36 33 96.9306
36 33 96.9306
36 32 138.977
36 32 138.977
36 31 142.222
36 31 142.222
35 37 104.947
35 37 104.947
35 34 117.476
35 34 117.476
35 20 119.226
35 20 119.226
35 17 98.3693
35 17 98.3693
34 35 117.476
34 35 117.476
34 33 96.9306
34 33 96.9306
34 26 115.104
34 26 115.104
33 37 96.9306
33 37 96.9306
33 36 96.9306
33 36 96.9306
33 34 96.9306
33 34 96.9306
33 32 138.977
33 32 138.977
33 31 142.222
33 31 142.222
33 27 100.726
33 27 100.726
33 25 96.6431
33 25 96.6431
33 22 103.815
33 22 103.815
32 38 138.977
32 38 138.977
32 36 138.977
32 36 138.977
32 33 138.977
32 33 138.977
32 30 100.075
32 30 100.075
31 36 142.222
31 36 142.222
31 33 142.222
31 33 142.222
31 27 100.726
31 27 100.726
30 38 100.075
30 38 100.075
30 32 100.075
30 32 100.075
30 29 130.997
30 29 130.997
30 28 150.758
30 28 150.758
30 27 100.726
30 27 100.726
30 24 106.911
30 24 106.911
30 16 100.918
30 16 100.918
29 30 130.997
29 30 130.997
29 28 150.758
29 28 150.758
29 27 100.726
29 27 100.726
29 25 96.6431
29 25 96.6431
28 30 150.758
28 30 150.758
28 29 150.758
28 29 150.758
28 23 98.0313
28 23 98.0313
27 33 100.726
27 33 100.726
27 31 100.726
27 31 100.726
27 30 100.726
27 30 100.726
27 29 100.726
27 29 100.726
27 23 98.0313
27 23 98.0313
27 22 103.815
27 22 103.815
26 34 115.104
26 34 115.104
26 25 96.6431
26 25 96.6431
26 21 113.127
26 21 113.127
25 33 96.6431
25 33 96.6431
25 29 96.6431
25 29 96.6431
25 26 96.6431
25 26 96.6431
25 22 103.815
25 22 103.815
25 19 120.805
25 19 120.805
25 18 107.26
25 18 107.26
25 13 101.673
25 13 101.673
24 30 106.911
24 30 106.911
24 16 100.918
24 16 100.918
24 11 127.611
24 11 127.611
24 7 124.851
24 7 124.851
23 28 98.0313
23 28 98.0313
23 27 98.0313
23 27 98.0313
23 22 103.815
23 22 103.815
23 16 100.918
23 16 100.918
23 15 108.98
23 15 108.98
23 9 93.0233
23 9 93.0233
22 33 103.815
22 33 103.815
22 27 103.815
22 27 103.815
22 25 103.815
22 25 103.815
22 23 103.815
22 23 103.815
22 19 120.805
22 19 120.805
22 15 108.98
22 15 108.98
21 26 113.127
21 26 113.127
21 20 119.226
21 20 119.226
21 18 107.26
21 18 107.26
20 35 119.226
20 35 119.226
20 21 119.226
20 21 119.226
20 17 98.3693
20 17 98.3693
19 25 120.805
19 25 120.805
19 22 120.805
19 22 120.805
19 15 108.98
19 15 108.98
19 13 101.673
19 13 101.673
18 25 107.26
18 25 107.26
18 21 107.26
18 21 107.26
18 17 98.3693
18 17 98.3693
18 12 102.18
18 12 102.18
17 35 98.3693
17 35 98.3693
17 20 98.3693
17 20 98.3693
17 18 98.3693
17 18 98.3693
17 12 102.18
17 12 102.18
17 5 109.652
17 5 109.652
16 30 100.918
16 30 100.918
16 24 100.918
16 24 100.918
16 23 100.918
16 23 100.918
16 15 108.98
16 15 108.98
16 10 104.592
16 10 104.592
15 23 108.98
15 23 108.98
15 22 108.98
15 22 108.98
15 19 108.98
15 19 108.98
15 16 108.98
15 16 108.98
15 14 107.987
15 14 107.987
14 15 107.987
14 15 107.987
14 13 101.673
14 13 101.673
14 9 93.0233
14 9 93.0233
14 8 98.0979
14 8 98.0979
13 25 101.673
13 25 101.673
13 19 101.673
13 19 101.673
13 14 101.673
13 14 101.673
13 12 102.18
13 12 102.18
13 8 98.0979
13 8 98.0979
12 18 102.18
12 18 102.18
12 17 102.18
12 17 102.18
12 13 102.18
12 13 102.18
12 8 98.0979
12 8 98.0979
11 24 127.611
11 24 127.611
11 10 104.592
11 10 104.592
11 7 124.851
11 7 124.851
10 16 104.592
10 16 104.592
10 11 104.592
10 11 104.592
10 9 93.0233
10 9 93.0233
10 6 107.697
10 6 107.697
9 23 93.0233
9 23 93.0233
9 14 93.0233
9 14 93.0233
9 10 93.0233
9 10 93.0233
9 8 98.0979
9 8 98.0979
9 6 107.697
9 6 107.697
9 3 106.029
9 3 106.029
8 14 98.0979
8 14 98.0979
8 13 98.0979
8 13 98.0979
8 12 98.0979
8 12 98.0979
8 9 98.0979
8 9 98.0979
8 5 109.652
8 5 109.652
8 4 103.05
8 4 103.05
7 24 124.851
7 24 124.851
7 11 124.851
7 11 124.851
7 1 123.204
7 1 123.204
6 10 107.697
6 10 107.697
6 9 107.697
6 9 107.697
6 3 106.029
6 3 106.029
6 2 120.027
6 2 120.027
6 0 119.757
6 0 119.757
5 17 109.652
5 17 109.652
5 8 109.652
5 8 109.652
5 4 103.05
5 4 103.05
4 8 103.05
4 8 103.05
4 5 103.05
4 5 103.05
4 3 106.029
4 3 106.029
4 0 119.757
4 0 119.757
3 9 106.029
3 9 106.029
3 6 106.029
3 6 106.029
3 4 106.029
3 4 106.029
3 2 120.027
3 2 120.027
3 0 119.757
3 0 119.757
2 6 120.027
2 6 120.027
2 3 120.027
2 3 120.027
2 1 123.204
2 1 123.204
2 0 119.757
2 0 119.757
1 7 123.204
1 7 123.204
1 2 123.204
1 2 123.204
1 0 119.757
1 0 119.757
0 6 119.757
0 6 119.757
0 4 119.757
0 4 119.757
0 3 119.757
0 3 119.757
0 2 119.757
0 2 119.757
0 1 119.757
0 1 119.757
