@nodes
label table_size
38 735
37 735
36 735
35 735
34 735
33 735
32 735
31 735
30 735
29 735
28 735
27 735
26 735
25 735
24 735
23 735
22 735
21 735
20 735
19 735
18 735
17 735
16 735
15 735
14 735
13 735
12 735
11 735
10 735
9 735
8 735
7 735
6 735
5 735
4 735
3 735
2 735
1 735
0 735
@arcs
       bandwidth
38 36 96.3652
38 36 96.3652
38 32 102.747
38 32 102.747
38 30 90.2887
38 30 90.2887
37 36 96.3652
37 36 96.3652
37 35 89.9915
37 35 89.9915
37 33 88.1452
37 33 88.1452
36 38 96.3652
36 38 96.3652
36 37 96.3652
36 37 96.3652
36 33 88.1452
36 33 88.1452
36 32 102.747
36 32 102.747
36 31 103.324
36 31 103.324
35 37 89.9915
35 37 89.9915
35 34 94.6087
35 34 94.6087
35 20 94.0569
35 20 94.0569
35 17 87.7829
35 17 87.7829
34 35 94.6087
34 35 94.6087
34 33 88.1452
34 33 88.1452
34 26 94.2338
34 26 94.2338
33 37 88.1452
33 37 88.1452
33 36 88.1452
33 36 88.1452
33 34 88.1452
33 34 88.1452
33 32 102.747
33 32 102.747
33 31 103.324
33 31 103.324
33 27 90.0256
33 27 90.0256
33 25 88.2364
33 25 88.2364
33 22 90.8668
33 22 90.8668
32 38 102.747
32 38 102.747
32 36 102.747
32 36 102.747
32 33 102.747
32 33 102.747
32 30 90.2887
32 30 90.2887
31 36 103.324
31 36 103.324
31 33 103.324
31 33 103.324
31 27 90.0256
31 27 90.0256
30 38 90.2887
30 38 90.2887
30 32 90.2887
30 32 90.2887
30 29 104.49
30 29 104.49
30 28 111.062
30 28 111.062
30 27 90.0256
30 27 90.0256
30 24 92.5133
30 24 92.5133
30 16 89.9174
30 16 89.9174
29 30 104.49
29 30 104.49
29 28 111.062
29 28 111.062
29 27 90.0256
29 27 90.0256
29 25 88.2364
29 25 88.2364
28 30 111.062
28 30 111.062
28 29 111.062
28 29 111.062
28 23 88.9812
28 23 88.9812
27 33 90.0256
27 33 90.0256
27 31 90.0256
27 31 90.0256
27 30 90.0256
27 30 90.0256
27 29 90.0256
27 29 90.0256
27 23 88.9812
27 23 88.9812
27 22 90.8668
27 22 90.8668
26 34 94.2338
26 34 94.2338
26 25 88.2364
26 25 88.2364
26 21 92.3816
26 21 92.3816
25 33 88.2364
25 33 88.2364
25 29 88.2364
25 29 88.2364
25 26 88.2364
25 26 88.2364
25 22 90.8668
25 22 90.8668
25 19 96.9501
25 19 96.9501
25 18 91.0839
25 18 91.0839
25 13 89.1461
25 13 89.1461
24 30 92.5133
24 30 92.5133
24 16 89.9174
24 16 89.9174
24 11 98.2779
24 11 98.2779
24 7 96.8723
24 7 96.8723
23 28 88.9812
23 28 88.9812
23 27 88.9812
23 27 88.9812
23 22 90.8668
23 22 90.8668
23 16 89.9174
23 16 89.9174
23 15 93.1868
23 15 93.1868
23 9 85.9581
23 9 85.9581
22 33 90.8668
22 33 90.8668
22 27 90.8668
22 27 90.8668
22 25 90.8668
22 25 90.8668
22 23 90.8668
22 23 90.8668
22 19 96.9501
22 19 96.9501
22 15 93.1868
22 15 93.1868
21 26 92.3816
21 26 92.3816
21 20 94.0569
21 20 94.0569
21 18 91.0839
21 18 91.0839
20 35 94.0569
20 35 94.0569
20 21 94.0569
20 21 94.0569
20 17 87.7829
20 17 87.7829
19 25 96.9501
19 25 96.9501
19 22 96.9501
19 22 96.9501
19 15 93.1868
19 15 93.1868
19 13 89.1461
19 13 89.1461
18 25 91.0839
18 25 91.0839
18 21 91.0839
18 21 91.0839
18 17 87.7829
18 17 87.7829
18 12 88.8648
18 12 88.8648
17 35 87.7829
17 35 87.7829
17 20 87.7829
17 20 87.7829
17 18 87.7829
17 18 87.7829
17 12 88.8648
17 12 88.8648
17 5 92.0074
17 5 92.0074
16 30 89.9174
16 30 89.9174
16 24 89.9174
16 24 89.9174
16 23 89.9174
16 23 89.9174
16 15 93.1868
16 15 93.1868
16 10 91.2536
16 10 91.2536
15 23 93.1868
15 23 93.1868
15 22 93.1868
15 22 93.1868
15 19 93.1868
15 19 93.1868
15 16 93.1868
15 16 93.1868
15 14 91.5999
15 14 91.5999
14 15 91.5999
14 15 91.5999
14 13 89.1461
14 13 89.1461
14 9 85.9581
14 9 85.9581
14 8 87.386
14 8 87.386
13 25 89.1461
13 25 89.1461
13 19 89.1461
13 19 89.1461
13 14 89.1461
13 14 89.1461
13 12 88.8648
13 12 88.8648
13 8 87.386
13 8 87.386
12 18 88.8648
12 18 88.8648
12 17 88.8648
12 17 88.8648
12 13 88.8648
12 13 88.8648
12 8 87.386
12 8 87.386
11 24 98.2779
11 24 98.2779
11 10 91.2536
11 10 91.2536
11 7 96.8723
11 7 96.8723
10 16 91.2536
10 16 91.2536
10 11 91.2536
10 11 91.2536
10 9 85.9581
10 9 85.9581
10 6 92.0665
10 6 92.0665
9 23 85.9581
9 23 85.9581
9 14 85.9581
9 14 85.9581
9 10 85.9581
9 10 85.9581
9 8 87.386
9 8 87.386
9 6 92.0665
9 6 92.0665
9 3 90.42
9 3 90.42
8 14 87.386
8 14 87.386
8 13 87.386
8 13 87.386
8 12 87.386
8 12 87.386
8 9 87.386
8 9 87.386
8 5 92.0074
8 5 92.0074
8 4 89.2091
8 4 89.2091
7 24 96.8723
7 24 96.8723
7 11 96.8723
7 11 96.8723
7 1 94.5149
7 1 94.5149
6 10 92.0665
6 10 92.0665
6 9 92.0665
6 9 92.0665
6 3 90.42
6 3 90.42
6 2 94.2063
6 2 94.2063
6 0 93.608
6 0 93.608
5 17 92.0074
5 17 92.0074
5 8 92.0074
5 8 92.0074
5 4 89.2091
5 4 89.2091
4 8 89.2091
4 8 89.2091
4 5 89.2091
4 5 89.2091
4 3 90.42
4 3 90.42
4 0 93.608
4 0 93.608
3 9 90.42
3 9 90.42
3 6 90.42
3 6 90.42
3 4 90.42
3 4 90.42
3 2 94.2063
3 2 94.2063
3 0 93.608
3 0 93.608
2 6 94.2063
2 6 94.2063
2 3 94.2063
2 3 94.2063
2 1 94.5149
2 1 94.5149
2 0 93.608
2 0 93.608
1 7 94.5149
1 7 94.5149
1 2 94.5149
1 2 94.5149
1 0 93.608
1 0 93.608
0 6 93.608
0 6 93.608
0 4 93.608
0 4 93.608
0 3 93.608
0 3 93.608
0 2 93.608
0 2 93.608
0 1 93.608
0 1 93.608
