@nodes
label table_size
38 735
37 735
36 735
35 735
34 735
33 735
32 735
31 735
30 735
29 735
28 735
27 735
26 735
25 735
24 735
23 735
22 735
21 735
20 735
19 735
18 735
17 735
16 735
15 735
14 735
13 735
12 735
11 735
10 735
9 735
8 735
7 735
6 735
5 735
4 735
3 735
2 735
1 735
0 735
@arcs
       bandwidth
38 36 82.8287
38 36 82.8287
38 32 83.5926
38 32 83.5926
38 30 82.0629
38 30 82.0629
37 36 82.8287
37 36 82.8287
37 35 82.0044
37 35 82.0044
37 33 81.8423
37 33 81.8423
36 38 82.8287
36 38 82.8287
36 37 82.8287
36 37 82.8287
36 33 81.8423
36 33 81.8423
36 32 83.5926
36 32 83.5926
36 31 83.6258
36 31 83.6258
35 37 82.0044
35 37 82.0044
35 34 83.3324
35 34 83.3324
35 20 82.1721
35 20 82.1721
35 17 81.5272
35 17 81.5272
34 35 83.3324
34 35 83.3324
34 33 81.8423
34 33 81.8423
34 26 83.5296
34 26 83.5296
33 37 81.8423
33 37 81.8423
33 36 81.8423
33 36 81.8423
33 34 81.8423
33 34 81.8423
33 32 83.5926
33 32 83.5926
33 31 83.6258
33 31 83.6258
33 27 82.2425
33 27 82.2425
33 25 82.8377
33 25 82.8377
33 22 82.6984
33 22 82.6984
32 38 83.5926
32 38 83.5926
32 36 83.5926
32 36 83.5926
32 33 83.5926
32 33 83.5926
32 30 82.0629
32 30 82.0629
31 36 83.6258
31 36 83.6258
31 33 83.6258
31 33 83.6258
31 27 82.2425
31 27 82.2425
30 38 82.0629
30 38 82.0629
30 32 82.0629
30 32 82.0629
30 29 86.0006
30 29 86.0006
30 28 85.6273
30 28 85.6273
30 27 82.2425
30 27 82.2425
30 24 82.5381
30 24 82.5381
30 16 82.4373
30 16 82.4373
29 30 86.0006
29 30 86.0006
29 28 85.6273
29 28 85.6273
29 27 82.2425
29 27 82.2425
29 25 82.8377
29 25 82.8377
28 30 85.6273
28 30 85.6273
28 29 85.6273
28 29 85.6273
28 23 82.0674
28 23 82.0674
27 33 82.2425
27 33 82.2425
27 31 82.2425
27 31 82.2425
27 30 82.2425
27 30 82.2425
27 29 82.2425
27 29 82.2425
27 23 82.0674
27 23 82.0674
27 22 82.6984
27 22 82.6984
26 34 83.5296
26 34 83.5296
26 25 82.8377
26 25 82.8377
26 21 82.2053
26 21 82.2053
25 33 82.8377
25 33 82.8377
25 29 82.8377
25 29 82.8377
25 26 82.8377
25 26 82.8377
25 22 82.6984
25 22 82.6984
25 19 84.7996
25 19 84.7996
25 18 82.2807
25 18 82.2807
25 13 81.9704
25 13 81.9704
24 30 82.5381
24 30 82.5381
24 16 82.4373
24 16 82.4373
24 11 82.8559
24 11 82.8559
24 7 82.5723
24 7 82.5723
23 28 82.0674
23 28 82.0674
23 27 82.0674
23 27 82.0674
23 22 82.6984
23 22 82.6984
23 16 82.4373
23 16 82.4373
23 15 83.2833
23 15 83.2833
23 9 81.1848
23 9 81.1848
22 33 82.6984
22 33 82.6984
22 27 82.6984
22 27 82.6984
22 25 82.6984
22 25 82.6984
22 23 82.6984
22 23 82.6984
22 19 84.7996
22 19 84.7996
22 15 83.2833
22 15 83.2833
21 26 82.2053
21 26 82.2053
21 20 82.1721
21 20 82.1721
21 18 82.2807
21 18 82.2807
20 35 82.1721
20 35 82.1721
20 21 82.1721
20 21 82.1721
20 17 81.5272
20 17 81.5272
19 25 84.7996
19 25 84.7996
19 22 84.7996
19 22 84.7996
19 15 83.2833
19 15 83.2833
19 13 81.9704
19 13 81.9704
18 25 82.2807
18 25 82.2807
18 21 82.2807
18 21 82.2807
18 17 81.5272
18 17 81.5272
18 12 81.6466
18 12 81.6466
17 35 81.5272
17 35 81.5272
17 20 81.5272
17 20 81.5272
17 18 81.5272
17 18 81.5272
17 12 81.6466
17 12 81.6466
17 5 82.502
17 5 82.502
16 30 82.4373
16 30 82.4373
16 24 82.4373
16 24 82.4373
16 23 82.4373
16 23 82.4373
16 15 83.2833
16 15 83.2833
16 10 82.2923
16 10 82.2923
15 23 83.2833
15 23 83.2833
15 22 83.2833
15 22 83.2833
15 19 83.2833
15 19 83.2833
15 16 83.2833
15 16 83.2833
15 14 82.2952
15 14 82.2952
14 15 82.2952
14 15 82.2952
14 13 81.9704
14 13 81.9704
14 9 81.1848
14 9 81.1848
14 8 81.4481
14 8 81.4481
13 25 81.9704
13 25 81.9704
13 19 81.9704
13 19 81.9704
13 14 81.9704
13 14 81.9704
13 12 81.6466
13 12 81.6466
13 8 81.4481
13 8 81.4481
12 18 81.6466
12 18 81.6466
12 17 81.6466
12 17 81.6466
12 13 81.6466
12 13 81.6466
12 8 81.4481
12 8 81.4481
11 24 82.8559
11 24 82.8559
11 10 82.2923
11 10 82.2923
11 7 82.5723
11 7 82.5723
10 16 82.2923
10 16 82.2923
10 11 82.2923
10 11 82.2923
10 9 81.1848
10 9 81.1848
10 6 81.8687
10 6 81.8687
9 23 81.1848
9 23 81.1848
9 14 81.1848
9 14 81.1848
9 10 81.1848
9 10 81.1848
9 8 81.4481
9 8 81.4481
9 6 81.8687
9 6 81.8687
9 3 81.6507
9 3 81.6507
8 14 81.4481
8 14 81.4481
8 13 81.4481
8 13 81.4481
8 12 81.4481
8 12 81.4481
8 9 81.4481
8 9 81.4481
8 5 82.502
8 5 82.502
8 4 81.7563
8 4 81.7563
7 24 82.5723
7 24 82.5723
7 11 82.5723
7 11 82.5723
7 1 82.0449
7 1 82.0449
6 10 81.8687
6 10 81.8687
6 9 81.8687
6 9 81.8687
6 3 81.6507
6 3 81.6507
6 2 82.0139
6 2 82.0139
6 0 81.8904
6 0 81.8904
5 17 82.502
5 17 82.502
5 8 82.502
5 8 82.502
5 4 81.7563
5 4 81.7563
4 8 81.7563
4 8 81.7563
4 5 81.7563
4 5 81.7563
4 3 81.6507
4 3 81.6507
4 0 81.8904
4 0 81.8904
3 9 81.6507
3 9 81.6507
3 6 81.6507
3 6 81.6507
3 4 81.6507
3 4 81.6507
3 2 82.0139
3 2 82.0139
3 0 81.8904
3 0 81.8904
2 6 82.0139
2 6 82.0139
2 3 82.0139
2 3 82.0139
2 1 82.0449
2 1 82.0449
2 0 81.8904
2 0 81.8904
1 7 82.0449
1 7 82.0449
1 2 82.0449
1 2 82.0449
1 0 81.8904
1 0 81.8904
0 6 81.8904
0 6 81.8904
0 4 81.8904
0 4 81.8904
0 3 81.8904
0 3 81.8904
0 2 81.8904
0 2 81.8904
0 1 81.8904
0 1 81.8904
