@pair(source-destination-demand)
0,1,110.0
0,2,186.0
0,3,168.0
0,4,121.0
0,5,163.0
0,6,126.0
0,7,145.0
0,8,119.0
0,9,184.0
0,10,126.0
0,11,188.0
0,12,132.0
0,13,182.0
0,14,143.0
0,15,198.0
0,16,169.0
0,17,131.0
0,18,128.0
0,19,186.0
0,20,115.0
0,21,162.0
0,22,170.0
0,23,142.0
0,24,148.0
0,25,104.0
0,26,124.0
0,27,174.0
0,28,185.0
0,29,120.0
0,30,102.0
0,31,108.0
0,32,181.0
0,33,135.0
0,34,181.0
0,35,153.0
0,36,117.0
0,37,161.0
0,38,191.0
0,39,119.0
1,2,160.0
1,3,192.0
1,4,134.0
1,5,156.0
1,6,185.0
1,7,166.0
1,8,132.0
1,9,165.0
1,10,124.0
1,11,111.0
1,12,172.0
1,13,138.0
1,14,113.0
1,15,126.0
1,16,193.0
1,17,125.0
1,18,142.0
1,19,116.0
1,20,149.0
1,21,183.0
1,22,187.0
1,23,134.0
1,24,168.0
1,25,149.0
1,26,123.0
1,27,117.0
1,28,173.0
1,29,138.0
1,30,149.0
1,31,142.0
1,32,140.0
1,33,146.0
1,34,164.0
1,35,190.0
1,36,168.0
1,37,106.0
1,38,182.0
1,39,178.0
2,3,155.0
2,4,159.0
2,5,116.0
2,6,110.0
2,7,114.0
2,8,150.0
2,9,122.0
2,10,196.0
2,11,123.0
2,12,198.0
2,13,193.0
2,14,113.0
2,15,173.0
2,16,124.0
2,17,175.0
2,18,200.0
2,19,183.0
2,20,141.0
2,21,106.0
2,22,180.0
2,23,123.0
2,24,116.0
2,25,177.0
2,26,109.0
2,27,109.0
2,28,137.0
2,29,139.0
2,30,191.0
2,31,131.0
2,32,115.0
2,33,128.0
2,34,121.0
2,35,147.0
2,36,186.0
2,37,155.0
2,38,186.0
2,39,119.0
3,4,155.0
3,5,105.0
3,6,160.0
3,7,128.0
3,8,188.0
3,9,155.0
3,10,188.0
3,11,158.0
3,12,169.0
3,13,166.0
3,14,150.0
3,15,152.0
3,16,124.0
3,17,117.0
3,18,154.0
3,19,119.0
3,20,135.0
3,21,137.0
3,22,140.0
3,23,174.0
3,24,104.0
3,25,116.0
3,26,132.0
3,27,167.0
3,28,142.0
3,29,163.0
3,30,169.0
3,31,185.0
3,32,182.0
3,33,163.0
3,34,181.0
3,35,144.0
3,36,175.0
3,37,180.0
3,38,131.0
3,39,135.0
4,5,173.0
4,6,120.0
4,7,196.0
4,8,142.0
4,9,187.0
4,10,143.0
4,11,131.0
4,12,106.0
4,13,142.0
4,14,103.0
4,15,109.0
4,16,140.0
4,17,103.0
4,18,112.0
4,19,178.0
4,20,143.0
4,21,109.0
4,22,152.0
4,23,124.0
4,24,161.0
4,25,159.0
4,26,189.0
4,27,194.0
4,28,124.0
4,29,152.0
4,30,125.0
4,31,157.0
4,32,168.0
4,33,178.0
4,34,190.0
4,35,183.0
4,36,124.0
4,37,108.0
4,38,155.0
4,39,108.0
5,6,103.0
5,7,170.0
5,8,171.0
5,9,169.0
5,10,146.0
5,11,174.0
5,12,147.0
5,13,199.0
5,14,109.0
5,15,179.0
5,16,166.0
5,17,151.0
5,18,152.0
5,19,119.0
5,20,131.0
5,21,114.0
5,22,131.0
5,23,165.0
5,24,142.0
5,25,171.0
5,26,140.0
5,27,136.0
5,28,150.0
5,29,135.0
5,30,193.0
5,31,133.0
5,32,172.0
5,33,126.0
5,34,118.0
5,35,183.0
5,36,160.0
5,37,152.0
5,38,131.0
5,39,158.0
6,7,170.0
6,8,154.0
6,9,100.0
6,10,170.0
6,11,126.0
6,12,175.0
6,13,183.0
6,14,136.0
6,15,195.0
6,16,103.0
6,17,163.0
6,18,136.0
6,19,146.0
6,20,149.0
6,21,143.0
6,22,147.0
6,23,158.0
6,24,103.0
6,25,106.0
6,26,128.0
6,27,185.0
6,28,199.0
6,29,113.0
6,30,154.0
6,31,153.0
6,32,130.0
6,33,166.0
6,34,143.0
6,35,199.0
6,36,120.0
6,37,189.0
6,38,169.0
6,39,115.0
7,8,119.0
7,9,127.0
7,10,102.0
7,11,170.0
7,12,161.0
7,13,150.0
7,14,125.0
7,15,143.0
7,16,142.0
7,17,111.0
7,18,168.0
7,19,104.0
7,20,151.0
7,21,143.0
7,22,120.0
7,23,108.0
7,24,118.0
7,25,150.0
7,26,139.0
7,27,173.0
7,28,107.0
7,29,193.0
7,30,168.0
7,31,108.0
7,32,127.0
7,33,169.0
7,34,148.0
7,35,147.0
7,36,145.0
7,37,113.0
7,38,138.0
7,39,133.0
8,9,102.0
8,10,174.0
8,11,159.0
8,12,161.0
8,13,185.0
8,14,184.0
8,15,176.0
8,16,134.0
8,17,102.0
8,18,164.0
8,19,109.0
8,20,118.0
8,21,129.0
8,22,132.0
8,23,119.0
8,24,175.0
8,25,154.0
8,26,136.0
8,27,196.0
8,28,179.0
8,29,103.0
8,30,132.0
8,31,148.0
8,32,162.0
8,33,104.0
8,34,107.0
8,35,127.0
8,36,117.0
8,37,174.0
8,38,179.0
8,39,163.0
9,10,188.0
9,11,160.0
9,12,169.0
9,13,184.0
9,14,182.0
9,15,106.0
9,16,167.0
9,17,194.0
9,18,161.0
9,19,136.0
9,20,178.0
9,21,191.0
9,22,150.0
9,23,164.0
9,24,169.0
9,25,198.0
9,26,156.0
9,27,106.0
9,28,102.0
9,29,145.0
9,30,133.0
9,31,167.0
9,32,157.0
9,33,107.0
9,34,170.0
9,35,130.0
9,36,193.0
9,37,131.0
9,38,159.0
9,39,101.0
10,11,161.0
10,12,117.0
10,13,159.0
10,14,111.0
10,15,172.0
10,16,131.0
10,17,167.0
10,18,176.0
10,19,123.0
10,20,135.0
10,21,164.0
10,22,200.0
10,23,141.0
10,24,179.0
10,25,180.0
10,26,140.0
10,27,196.0
10,28,144.0
10,29,106.0
10,30,117.0
10,31,187.0
10,32,191.0
10,33,133.0
10,34,160.0
10,35,193.0
10,36,143.0
10,37,112.0
10,38,171.0
10,39,132.0
11,12,195.0
11,13,180.0
11,14,180.0
11,15,126.0
11,16,101.0
11,17,123.0
11,18,196.0
11,19,128.0
11,20,127.0
11,21,127.0
11,22,179.0
11,23,174.0
11,24,132.0
11,25,100.0
11,26,185.0
11,27,196.0
11,28,136.0
11,29,125.0
11,30,137.0
11,31,161.0
11,32,114.0
11,33,190.0
11,34,110.0
11,35,136.0
11,36,171.0
11,37,185.0
11,38,184.0
11,39,155.0
12,13,119.0
12,14,181.0
12,15,191.0
12,16,119.0
12,17,143.0
12,18,138.0
12,19,141.0
12,20,133.0
12,21,180.0
12,22,185.0
12,23,188.0
12,24,148.0
12,25,112.0
12,26,124.0
12,27,148.0
12,28,119.0
12,29,181.0
12,30,104.0
12,31,106.0
12,32,154.0
12,33,107.0
12,34,182.0
12,35,175.0
12,36,113.0
12,37,142.0
12,38,149.0
12,39,171.0
13,14,118.0
13,15,138.0
13,16,131.0
13,17,194.0
13,18,164.0
13,19,134.0
13,20,195.0
13,21,123.0
13,22,130.0
13,23,125.0
13,24,184.0
13,25,143.0
13,26,115.0
13,27,168.0
13,28,142.0
13,29,197.0
13,30,184.0
13,31,100.0
13,32,175.0
13,33,103.0
13,34,154.0
13,35,129.0
13,36,166.0
13,37,200.0
13,38,136.0
13,39,127.0
14,15,187.0
14,16,159.0
14,17,120.0
14,18,130.0
14,19,129.0
14,20,141.0
14,21,197.0
14,22,143.0
14,23,102.0
14,24,101.0
14,25,143.0
14,26,183.0
14,27,146.0
14,28,158.0
14,29,182.0
14,30,194.0
14,31,148.0
14,32,190.0
14,33,148.0
14,34,114.0
14,35,136.0
14,36,128.0
14,37,134.0
14,38,102.0
14,39,172.0
15,16,113.0
15,17,108.0
15,18,135.0
15,19,134.0
15,20,140.0
15,21,183.0
15,22,188.0
15,23,131.0
15,24,199.0
15,25,132.0
15,26,152.0
15,27,191.0
15,28,161.0
15,29,160.0
15,30,151.0
15,31,106.0
15,32,190.0
15,33,107.0
15,34,115.0
15,35,121.0
15,36,196.0
15,37,169.0
15,38,120.0
15,39,102.0
16,17,134.0
16,18,166.0
16,19,134.0
16,20,176.0
16,21,160.0
16,22,191.0
16,23,149.0
16,24,109.0
16,25,124.0
16,26,111.0
16,27,159.0
16,28,113.0
16,29,142.0
16,30,105.0
16,31,194.0
16,32,136.0
16,33,166.0
16,34,151.0
16,35,113.0
16,36,163.0
16,37,189.0
16,38,174.0
16,39,170.0
17,18,179.0
17,19,118.0
17,20,165.0
17,21,120.0
17,22,136.0
17,23,145.0
17,24,151.0
17,25,151.0
17,26,114.0
17,27,164.0
17,28,154.0
17,29,133.0
17,30,139.0
17,31,108.0
17,32,197.0
17,33,101.0
17,34,157.0
17,35,113.0
17,36,194.0
17,37,124.0
17,38,142.0
17,39,186.0
18,19,149.0
18,20,146.0
18,21,169.0
18,22,198.0
18,23,182.0
18,24,175.0
18,25,167.0
18,26,161.0
18,27,185.0
18,28,139.0
18,29,107.0
18,30,114.0
18,31,144.0
18,32,194.0
18,33,117.0
18,34,138.0
18,35,162.0
18,36,123.0
18,37,158.0
18,38,171.0
18,39,134.0
19,20,125.0
19,21,151.0
19,22,113.0
19,23,181.0
19,24,198.0
19,25,127.0
19,26,132.0
19,27,171.0
19,28,181.0
19,29,133.0
19,30,173.0
19,31,131.0
19,32,184.0
19,33,125.0
19,34,165.0
19,35,103.0
19,36,142.0
19,37,134.0
19,38,152.0
19,39,114.0
20,21,134.0
20,22,112.0
20,23,182.0
20,24,100.0
20,25,186.0
20,26,172.0
20,27,143.0
20,28,196.0
20,29,111.0
20,30,130.0
20,31,133.0
20,32,119.0
20,33,127.0
20,34,174.0
20,35,152.0
20,36,187.0
20,37,127.0
20,38,132.0
20,39,156.0
21,22,138.0
21,23,165.0
21,24,136.0
21,25,129.0
21,26,120.0
21,27,108.0
21,28,197.0
21,29,156.0
21,30,115.0
21,31,117.0
21,32,104.0
21,33,182.0
21,34,106.0
21,35,159.0
21,36,141.0
21,37,195.0
21,38,191.0
21,39,119.0
22,23,161.0
22,24,122.0
22,25,119.0
22,26,181.0
22,27,154.0
22,28,107.0
22,29,197.0
22,30,125.0
22,31,101.0
22,32,162.0
22,33,198.0
22,34,190.0
22,35,175.0
22,36,145.0
22,37,141.0
22,38,167.0
22,39,191.0
23,24,192.0
23,25,195.0
23,26,114.0
23,27,119.0
23,28,192.0
23,29,145.0
23,30,152.0
23,31,181.0
23,32,105.0
23,33,139.0
23,34,190.0
23,35,147.0
23,36,181.0
23,37,109.0
23,38,152.0
23,39,198.0
24,25,172.0
24,26,131.0
24,27,198.0
24,28,150.0
24,29,150.0
24,30,150.0
24,31,178.0
24,32,177.0
24,33,166.0
24,34,187.0
24,35,133.0
24,36,154.0
24,37,180.0
24,38,126.0
24,39,196.0
25,26,125.0
25,27,175.0
25,28,141.0
25,29,124.0
25,30,112.0
25,31,155.0
25,32,178.0
25,33,193.0
25,34,161.0
25,35,114.0
25,36,104.0
25,37,178.0
25,38,149.0
25,39,186.0
26,27,140.0
26,28,117.0
26,29,119.0
26,30,193.0
26,31,168.0
26,32,150.0
26,33,165.0
26,34,167.0
26,35,135.0
26,36,196.0
26,37,102.0
26,38,136.0
26,39,175.0
27,28,172.0
27,29,131.0
27,30,184.0
27,31,137.0
27,32,148.0
27,33,164.0
27,34,131.0
27,35,129.0
27,36,136.0
27,37,180.0
27,38,120.0
27,39,153.0
28,29,188.0
28,30,134.0
28,31,181.0
28,32,136.0
28,33,167.0
28,34,146.0
28,35,161.0
28,36,134.0
28,37,143.0
28,38,112.0
28,39,149.0
29,30,135.0
29,31,155.0
29,32,171.0
29,33,134.0
29,34,136.0
29,35,120.0
29,36,109.0
29,37,197.0
29,38,139.0
29,39,108.0
30,31,192.0
30,32,175.0
30,33,115.0
30,34,178.0
30,35,137.0
30,36,118.0
30,37,197.0
30,38,111.0
30,39,117.0
31,32,164.0
31,33,162.0
31,34,140.0
31,35,150.0
31,36,190.0
31,37,170.0
31,38,169.0
31,39,142.0
32,33,134.0
32,34,159.0
32,35,175.0
32,36,114.0
32,37,156.0
32,38,151.0
32,39,142.0
33,34,149.0
33,35,109.0
33,36,138.0
33,37,153.0
33,38,196.0
33,39,162.0
34,35,129.0
34,36,146.0
34,37,128.0
34,38,109.0
34,39,124.0
35,36,130.0
35,37,199.0
35,38,122.0
35,39,139.0
36,37,163.0
36,38,119.0
36,39,103.0
37,38,101.0
37,39,134.0
38,39,113.0
