@nodes
label table_size
39 390
38 390
37 390
36 390
35 390
34 390
33 390
32 390
31 390
30 390
29 390
28 390
27 390
26 390
25 390
24 390
23 390
22 390
21 390
20 390
19 390
18 390
17 390
16 390
15 390
14 390
13 390
12 390
11 390
10 390
9 390
8 390
7 390
6 390
5 390
4 390
3 390
2 390
1 390
0 390
@arcs
       bandwidth
39 26 147.465
39 22 112.162
39 9 114.54
39 1 136.533
38 33 108.405
38 29 129.792
38 27 151.946
38 20 139.691
38 11 117.8
37 33 108.405
37 28 125.629
37 24 104.583
37 4 123.575
36 24 104.583
36 16 129.792
36 13 133.061
36 5 129.792
36 3 130.901
35 30 121.178
35 29 129.792
35 24 104.583
35 9 114.54
35 6 121.178
34 32 155
34 30 155
34 26 147.465
34 20 139.691
33 38 108.405
33 37 108.405
33 31 108.405
33 20 139.691
33 4 108.405
32 34 155
32 11 155
32 8 155
32 7 155
31 33 108.405
31 24 104.583
31 4 155
31 1 136.533
30 35 121.178
30 34 155
30 26 147.465
30 18 155
29 38 129.792
29 35 129.792
29 9 114.54
29 6 129.792
29 5 129.792
28 37 125.629
28 16 125.629
28 13 133.061
28 12 125.629
28 0 125.629
27 38 151.946
27 20 139.691
27 18 151.946
27 15 151.946
26 39 147.465
26 34 147.465
26 30 147.465
26 25 151.22
26 18 147.465
25 26 151.22
25 23 151.22
25 18 151.22
25 17 151.22
25 2 151.22
24 37 104.583
24 36 104.583
24 35 104.583
24 31 104.583
24 6 104.583
23 25 151.22
23 22 112.162
23 21 155
23 17 155
23 2 155
22 39 112.162
22 23 112.162
22 21 112.162
22 9 114.54
21 23 155
21 22 112.162
21 17 155
21 2 155
20 38 139.691
20 34 139.691
20 33 139.691
20 27 139.691
19 16 155
19 12 155
19 10 155
19 0 155
18 30 155
18 27 151.946
18 26 147.465
18 25 151.22
18 8 155
17 25 151.22
17 23 155
17 21 155
17 2 155
16 36 129.792
16 28 125.629
16 19 155
16 0 155
15 27 151.946
15 14 155
15 11 155
15 8 155
15 7 155
14 15 155
14 11 155
14 8 155
14 7 155
13 36 133.061
13 28 133.061
13 5 129.792
13 3 130.901
13 0 133.061
12 28 125.629
12 19 155
12 10 155
12 0 155
11 38 117.8
11 32 155
11 15 155
11 14 155
10 19 155
10 12 155
10 5 129.792
10 3 130.901
9 39 114.54
9 35 114.54
9 29 114.54
9 22 114.54
9 6 114.54
8 32 155
8 18 155
8 15 155
8 14 155
8 7 155
7 32 155
7 15 155
7 14 155
7 8 155
6 35 121.178
6 29 129.792
6 24 104.583
6 9 114.54
5 36 129.792
5 29 129.792
5 13 129.792
5 10 129.792
5 3 130.901
4 37 123.575
4 33 108.405
4 31 155
4 1 136.533
3 36 130.901
3 13 130.901
3 10 130.901
3 5 130.901
3 1 136.533
2 25 151.22
2 23 155
2 21 155
2 17 155
1 39 136.533
1 31 136.533
1 4 136.533
1 3 136.533
0 28 125.629
0 19 155
0 16 155
0 13 133.061
0 12 155
