@nodes
label table_size
39 390
38 390
37 390
36 390
35 390
34 390
33 390
32 390
31 390
30 390
29 390
28 390
27 390
26 390
25 390
24 390
23 390
22 390
21 390
20 390
19 390
18 390
17 390
16 390
15 390
14 390
13 390
12 390
11 390
10 390
9 390
8 390
7 390
6 390
5 390
4 390
3 390
2 390
1 390
0 390
@arcs
       bandwidth
39 26 155
39 22 155
39 9 155
39 1 155
38 33 130.713
38 29 151.22
38 27 151.22
38 20 151.22
38 11 151.22
37 33 130.713
37 28 155
37 24 136.998
37 4 155
36 24 136.998
36 16 155
36 13 155
36 5 155
36 3 155
35 30 155
35 29 155
35 24 136.998
35 9 155
35 6 155
34 32 155
34 30 155
34 26 155
34 20 155
33 38 130.713
33 37 130.713
33 31 130.713
33 20 130.713
33 4 130.713
32 34 155
32 11 155
32 8 155
32 7 155
31 33 130.713
31 24 136.998
31 4 155
31 1 155
30 35 155
30 34 155
30 26 155
30 18 155
29 38 151.22
29 35 155
29 9 155
29 6 155
29 5 155
28 37 155
28 16 155
28 13 155
28 12 155
28 0 155
27 38 151.22
27 20 155
27 18 155
27 15 155
26 39 155
26 34 155
26 30 155
26 25 155
26 18 155
25 26 155
25 23 155
25 18 155
25 17 155
25 2 155
24 37 136.998
24 36 136.998
24 35 136.998
24 31 136.998
24 6 136.998
23 25 155
23 22 155
23 21 155
23 17 155
23 2 155
22 39 155
22 23 155
22 21 155
22 9 155
21 23 155
21 22 155
21 17 155
21 2 155
20 38 151.22
20 34 155
20 33 130.713
20 27 155
19 16 155
19 12 155
19 10 155
19 0 155
18 30 155
18 27 155
18 26 155
18 25 155
18 8 155
17 25 155
17 23 155
17 21 155
17 2 155
16 36 155
16 28 155
16 19 155
16 0 155
15 27 155
15 14 155
15 11 155
15 8 155
15 7 155
14 15 155
14 11 155
14 8 155
14 7 155
13 36 155
13 28 155
13 5 155
13 3 155
13 0 155
12 28 155
12 19 155
12 10 155
12 0 155
11 38 151.22
11 32 155
11 15 155
11 14 155
10 19 155
10 12 155
10 5 155
10 3 155
9 39 155
9 35 155
9 29 155
9 22 155
9 6 155
8 32 155
8 18 155
8 15 155
8 14 155
8 7 155
7 32 155
7 15 155
7 14 155
7 8 155
6 35 155
6 29 155
6 24 136.998
6 9 155
5 36 155
5 29 155
5 13 155
5 10 155
5 3 155
4 37 155
4 33 130.713
4 31 155
4 1 155
3 36 155
3 13 155
3 10 155
3 5 155
3 1 155
2 25 155
2 23 155
2 21 155
2 17 155
1 39 155
1 31 155
1 4 155
1 3 155
0 28 155
0 19 155
0 16 155
0 13 155
0 12 155
