@nodes
label table_size
0 390
1 390
2 390
3 390
4 390
5 390
6 390
7 390
8 390
9 390
10 390
11 390
12 390
13 390
14 390
15 390
16 390
17 390
18 390
19 390
20 390
21 390
22 390
23 390
24 390
25 390
26 390
27 390
28 390
29 390
30 390
31 390
32 390
33 390
34 390
35 390
36 390
37 390
38 390
39 390
@arcs
    bandwidth
0 12 155.0
12 0 155.0
0 13 155.0
13 0 155.0
0 16 155.0
16 0 155.0
0 19 155.0
19 0 155.0
0 28 155.0
28 0 155.0
1 3 155.0
3 1 155.0
1 4 155.0
4 1 155.0
1 31 155.0
31 1 155.0
1 39 155.0
39 1 155.0
2 17 155.0
17 2 155.0
2 21 155.0
21 2 155.0
2 23 155.0
23 2 155.0
2 25 155.0
25 2 155.0
3 5 155.0
5 3 155.0
3 10 155.0
10 3 155.0
3 13 155.0
13 3 155.0
3 36 155.0
36 3 155.0
4 31 155.0
31 4 155.0
4 33 155.0
33 4 155.0
4 37 155.0
37 4 155.0
5 10 155.0
10 5 155.0
5 13 155.0
13 5 155.0
5 29 155.0
29 5 155.0
5 36 155.0
36 5 155.0
6 9 155.0
9 6 155.0
6 24 155.0
24 6 155.0
6 29 155.0
29 6 155.0
6 35 155.0
35 6 155.0
7 8 155.0
8 7 155.0
7 14 155.0
14 7 155.0
7 15 155.0
15 7 155.0
7 32 155.0
32 7 155.0
8 14 155.0
14 8 155.0
8 15 155.0
15 8 155.0
8 18 155.0
18 8 155.0
8 32 155.0
32 8 155.0
9 22 155.0
22 9 155.0
9 29 155.0
29 9 155.0
9 35 155.0
35 9 155.0
9 39 155.0
39 9 155.0
10 12 155.0
12 10 155.0
10 19 155.0
19 10 155.0
11 14 155.0
14 11 155.0
11 15 155.0
15 11 155.0
11 32 155.0
32 11 155.0
11 38 155.0
38 11 155.0
12 19 155.0
19 12 155.0
12 28 155.0
28 12 155.0
13 28 155.0
28 13 155.0
13 36 155.0
36 13 155.0
14 15 155.0
15 14 155.0
15 27 155.0
27 15 155.0
16 19 155.0
19 16 155.0
16 28 155.0
28 16 155.0
16 36 155.0
36 16 155.0
17 21 155.0
21 17 155.0
17 23 155.0
23 17 155.0
17 25 155.0
25 17 155.0
18 25 155.0
25 18 155.0
18 26 155.0
26 18 155.0
18 27 155.0
27 18 155.0
18 30 155.0
30 18 155.0
20 27 155.0
27 20 155.0
20 33 155.0
33 20 155.0
20 34 155.0
34 20 155.0
20 38 155.0
38 20 155.0
21 22 155.0
22 21 155.0
21 23 155.0
23 21 155.0
22 23 155.0
23 22 155.0
22 39 155.0
39 22 155.0
23 25 155.0
25 23 155.0
24 31 155.0
31 24 155.0
24 35 155.0
35 24 155.0
24 36 155.0
36 24 155.0
24 37 155.0
37 24 155.0
25 26 155.0
26 25 155.0
26 30 155.0
30 26 155.0
26 34 155.0
34 26 155.0
26 39 155.0
39 26 155.0
27 38 155.0
38 27 155.0
28 37 155.0
37 28 155.0
29 35 155.0
35 29 155.0
29 38 155.0
38 29 155.0
30 34 155.0
34 30 155.0
30 35 155.0
35 30 155.0
31 33 155.0
33 31 155.0
32 34 155.0
34 32 155.0
33 37 155.0
37 33 155.0
33 38 155.0
38 33 155.0
