@nodes
label table_size
10 11
9 11
8 11
7 11
6 11
5 11
4 11
3 11
2 11
1 11
0 11
@arcs
       bandwidth
10 8 0.550459
10 5 0.530387
10 2 0.522634
10 3 0.524887
10 7 0.522088
10 6 0.52973
10 1 0.52381
10 0 0.527094
9 5 0.530387
9 2 0.522634
9 1 0.52381
9 0 0.527094
9 6 0.52973
9 3 0.524887
9 7 0.522088
9 8 0.550459
8 10 0.550459
8 6 0.52973
8 9 0.550459
8 4 0.524887
8 2 0.522634
8 3 0.524887
8 0 0.527094
7 0 0.527094
7 10 0.522088
7 9 0.522088
7 4 0.524887
7 2 0.522634
7 5 0.530387
7 3 0.524887
7 1 0.52381
7 6 0.52973
6 4 0.524887
6 8 0.52973
6 9 0.52973
6 3 0.524887
6 10 0.52973
6 0 0.527094
6 7 0.52973
5 3 0.524887
5 10 0.530387
5 9 0.530387
5 4 0.524887
5 2 0.522634
5 7 0.530387
5 1 0.52381
4 6 0.524887
4 3 0.524887
4 2 0.522634
4 8 0.524887
4 7 0.524887
4 5 0.524887
4 1 0.52381
3 5 0.524887
3 4 0.524887
3 6 0.524887
3 10 0.524887
3 9 0.524887
3 8 0.524887
3 7 0.524887
3 1 0.52381
2 4 0.522634
2 10 0.522634
2 9 0.522634
2 8 0.522634
2 7 0.522634
2 5 0.522634
2 1 0.52381
2 0 0.527094
1 0 0.527094
1 9 0.52381
1 10 0.52381
1 7 0.52381
1 5 0.52381
1 4 0.52381
1 3 0.52381
1 2 0.52381
0 7 0.527094
0 1 0.527094
0 9 0.527094
0 10 0.527094
0 8 0.527094
0 6 0.527094
0 2 0.527094
