@nodes
label table_size
10 11
9 11
8 11
7 11
6 11
5 11
4 11
3 11
2 11
1 11
0 11
@arcs
       bandwidth
10 8 0.622222
10 5 0.622222
10 2 0.584615
10 3 0.587302
10 7 0.56962
10 6 0.58209
10 1 0.607843
10 0 0.577465
9 5 0.622222
9 2 0.584615
9 1 0.607843
9 0 0.577465
9 6 0.58209
9 3 0.587302
9 7 0.56962
9 8 0.622222
8 10 0.622222
8 6 0.58209
8 9 0.622222
8 4 0.587302
8 2 0.584615
8 3 0.587302
8 0 0.577465
7 0 0.577465
7 10 0.56962
7 9 0.56962
7 4 0.587302
7 2 0.584615
7 5 0.622222
7 3 0.587302
7 1 0.607843
7 6 0.58209
6 4 0.587302
6 8 0.58209
6 9 0.58209
6 3 0.587302
6 10 0.58209
6 0 0.577465
6 7 0.58209
5 3 0.587302
5 10 0.622222
5 9 0.622222
5 4 0.587302
5 2 0.584615
5 7 0.622222
5 1 0.607843
4 6 0.587302
4 3 0.587302
4 2 0.584615
4 8 0.587302
4 7 0.587302
4 5 0.587302
4 1 0.607843
3 5 0.587302
3 4 0.587302
3 6 0.587302
3 10 0.587302
3 9 0.587302
3 8 0.587302
3 7 0.587302
3 1 0.607843
2 4 0.584615
2 10 0.584615
2 9 0.584615
2 8 0.584615
2 7 0.584615
2 5 0.584615
2 1 0.607843
2 0 0.577465
1 0 0.577465
1 9 0.607843
1 10 0.607843
1 7 0.607843
1 5 0.607843
1 4 0.607843
1 3 0.607843
1 2 0.607843
0 7 0.577465
0 1 0.577465
0 9 0.577465
0 10 0.577465
0 8 0.577465
0 6 0.577465
0 2 0.577465
