@nodes
label table_size
10 11
9 11
8 11
7 11
6 11
5 11
4 11
3 11
2 11
1 11
0 11
@arcs
       bandwidth
10 8 0.648649
10 5 0.657143
10 2 0.622222
10 3 0.617021
10 7 0.596491
10 6 0.612245
10 1 0.634146
10 0 0.587302
9 5 0.657143
9 2 0.622222
9 1 0.634146
9 0 0.587302
9 6 0.612245
9 3 0.617021
9 7 0.596491
9 8 0.648649
8 10 0.648649
8 6 0.612245
8 9 0.648649
8 4 0.612245
8 2 0.622222
8 3 0.617021
8 0 0.587302
7 0 0.587302
7 10 0.596491
7 9 0.596491
7 4 0.612245
7 2 0.622222
7 5 0.657143
7 3 0.617021
7 1 0.634146
7 6 0.612245
6 4 0.612245
6 8 0.612245
6 9 0.612245
6 3 0.617021
6 10 0.612245
6 0 0.587302
6 7 0.612245
5 3 0.617021
5 10 0.657143
5 9 0.657143
5 4 0.612245
5 2 0.622222
5 7 0.657143
5 1 0.634146
4 6 0.612245
4 3 0.617021
4 2 0.622222
4 8 0.612245
4 7 0.612245
4 5 0.612245
4 1 0.634146
3 5 0.617021
3 4 0.617021
3 6 0.617021
3 10 0.617021
3 9 0.617021
3 8 0.617021
3 7 0.617021
3 1 0.634146
2 4 0.622222
2 10 0.622222
2 9 0.622222
2 8 0.622222
2 7 0.622222
2 5 0.622222
2 1 0.634146
2 0 0.587302
1 0 0.587302
1 9 0.634146
1 10 0.634146
1 7 0.634146
1 5 0.634146
1 4 0.634146
1 3 0.634146
1 2 0.634146
0 7 0.587302
0 1 0.587302
0 9 0.587302
0 10 0.587302
0 8 0.587302
0 6 0.587302
0 2 0.587302
