@nodes
label table_size
0 120
1 120
2 120
3 120
4 120
5 120
6 120
7 120
8 120
9 120
10 120
11 120
12 120
13 120
14 120
15 120
@arcs
    bandwidth
0 1 1000.0
1 0 1000.0
0 4 1000.0
4 0 1000.0
0 5 1000.0
5 0 1000.0
0 6 1000.0
6 0 1000.0
0 7 1000.0
7 0 1000.0
0 11 1000.0
11 0 1000.0
0 12 1000.0
12 0 1000.0
0 14 1000.0
14 0 1000.0
1 4 1000.0
4 1 1000.0
1 5 1000.0
5 1 1000.0
1 11 1000.0
11 1 1000.0
1 12 1000.0
12 1 1000.0
1 14 1000.0
14 1 1000.0
2 3 1000.0
3 2 1000.0
2 5 1000.0
5 2 1000.0
2 6 1000.0
6 2 1000.0
2 7 1000.0
7 2 1000.0
2 10 1000.0
10 2 1000.0
3 6 1000.0
6 3 1000.0
3 7 1000.0
7 3 1000.0
3 8 1000.0
8 3 1000.0
3 9 1000.0
9 3 1000.0
3 10 1000.0
10 3 1000.0
4 11 1000.0
11 4 1000.0
4 12 1000.0
12 4 1000.0
4 14 1000.0
14 4 1000.0
5 6 1000.0
6 5 1000.0
5 7 1000.0
7 5 1000.0
6 7 1000.0
7 6 1000.0
6 8 1000.0
8 6 1000.0
6 9 1000.0
9 6 1000.0
6 11 1000.0
11 6 1000.0
6 12 1000.0
12 6 1000.0
6 13 1000.0
13 6 1000.0
6 14 1000.0
14 6 1000.0
8 9 1000.0
9 8 1000.0
8 10 1000.0
10 8 1000.0
8 13 1000.0
13 8 1000.0
8 14 1000.0
14 8 1000.0
8 15 1000.0
15 8 1000.0
9 10 1000.0
10 9 1000.0
9 13 1000.0
13 9 1000.0
9 14 1000.0
14 9 1000.0
11 12 1000.0
12 11 1000.0
11 14 1000.0
14 11 1000.0
12 13 1000.0
13 12 1000.0
12 14 1000.0
14 12 1000.0
13 14 1000.0
14 13 1000.0
13 15 1000.0
15 13 1000.0
